    89    4.828937824226E-01
    90    4.826280763403E-01
    91    4.824236696795E-01
    92    4.822154768472E-01
    93    4.819493362974E-01
    94    4.817501695699E-01
    95    4.815312713758E-01
    96    4.813166603545E-01
    97    4.811012351344E-01
    98    4.808907569774E-01
    99    4.807293053777E-01
   100    4.804959782043E-01
   191    4.826391023137E-01
   192    4.823978408698E-01
   193    4.821751865790E-01
   194    4.819629259283E-01
   195    4.816901653909E-01
   196    4.815301424625E-01
   197    4.813095392764E-01
   198    4.811042605194E-01
   199    4.808519280764E-01
   200    4.806769023379E-01
   293    4.823844812957E-01
   294    4.821696537939E-01
   295    4.819420378273E-01
   296    4.817051869512E-01
   297    4.814849317039E-01
   298    4.812842725188E-01
   299    4.810657004669E-01
   300    4.808427114929E-01
   395    4.821142268459E-01
   396    4.819081269345E-01
   397    4.817058531855E-01
   398    4.814762794174E-01
   399    4.812436067367E-01
   400    4.821453098568E-01
   498    4.816562434526E-01
   499    4.825186766696E-01
   500    4.835087269255E-01
