    30    2.627007890873E-02
    31    1.261441108128E-01
    32    2.283203452203E-01
    33    3.328343386896E-01
    34    4.384578209413E-01
    35    5.120829820009E-01
    36    5.914168254019E-01
    37    7.060499381861E-01
    38    8.221535420082E-01
    39    9.394620177812E-01
    40    1.058660701102E+00
    41    1.178232847414E+00
    42    1.299699952419E+00
    43    1.421752024721E+00
    44    1.461741125644E+00
    45    1.463983831913E+00
    46    1.466270138105E+00
    47    1.468506751464E+00
    48    1.470737302267E+00
    49    1.472973658726E+00
    50    1.475235088584E+00
    51    1.477378084490E+00
    52    1.479560248052E+00
    53    1.481737375505E+00
    54    1.483891240411E+00
    55    1.486055577222E+00
    56    1.488154578649E+00
    57    1.490290392849E+00
    58    1.492434658676E+00
    59    1.494495483243E+00
    60    1.496582297627E+00
    61    1.498658826018E+00
    62    1.500714390099E+00
    63    1.502819732502E+00
    64    1.504804938545E+00
    65    1.506803487712E+00
    66    1.508867047099E+00
    67    1.510845725701E+00
    68    1.512841508019E+00
    69    1.514829678918E+00
    70    1.516800730955E+00
    71    1.518801031819E+00
    72    1.520707066961E+00
    73    1.522654244258E+00
    74    1.524580226414E+00
    75    1.526515932653E+00
    76    1.528399206114E+00
    77    1.530291548086E+00
    78    1.532198362053E+00
    79    1.534101146359E+00
    80    1.535963607523E+00
    81    1.537821078852E+00
    82    1.539667357876E+00
    83    1.541537393213E+00
    84    1.543367658210E+00
    85    1.545179650655E+00
    86    1.547003336698E+00
    87    1.548812326674E+00
    88    1.550612044027E+00
   133    3.993748223050E-02
   134    1.319598403627E-01
   135    1.845957848482E-01
   136    2.926403835994E-01
   137    4.030433103098E-01
   138    5.156748160869E-01
   139    6.290728196505E-01
   140    7.446273597087E-01
   141    8.616496724384E-01
   142    9.799068197943E-01
   143    1.099898725213E+00
   144    1.220807310185E+00
   145    1.342869643814E+00
   146    1.461556078577E+00
   147    1.463847161043E+00
   148    1.466073070293E+00
   149    1.468302099752E+00
   150    1.470544246413E+00
   151    1.472774721444E+00
   152    1.474984824428E+00
   153    1.477140454278E+00
   154    1.479323716851E+00
   155    1.481490459642E+00
   156    1.483653099171E+00
   157    1.485793038113E+00
   158    1.487895587932E+00
   159    1.490022998166E+00
   160    1.492157072874E+00
   161    1.494219268705E+00
   162    1.496296432885E+00
   163    1.498369159079E+00
   164    1.500423561943E+00
   165    1.502462204618E+00
   166    1.504518055962E+00
   167    1.506458591373E+00
   168    1.508530274463E+00
   169    1.510542153981E+00
   170    1.512521004019E+00
   171    1.514490996405E+00
   172    1.516488247606E+00
   173    1.518431938926E+00
   174    1.520368660143E+00
   175    1.522302447985E+00
   176    1.524231077638E+00
   177    1.526168589072E+00
   178    1.528084772766E+00
   179    1.529981009657E+00
   180    1.531824663792E+00
   181    1.533777221582E+00
   182    1.535602141565E+00
   183    1.537417004440E+00
   184    1.539292924229E+00
   185    1.541157787524E+00
   186    1.542977911241E+00
   187    1.544794562627E+00
   188    1.546622219571E+00
   189    1.548451616519E+00
   190    1.550266460110E+00
   236    6.814013194043E-03
   237    1.111729645787E-01
   238    2.179238514113E-01
   239    3.277186120563E-01
   240    4.388285425864E-01
   241    5.524958381207E-01
   242    6.671851392492E-01
   243    7.838849172629E-01
   244    9.017845861104E-01
   245    1.021204645823E+00
   246    1.141959543320E+00
   247    1.263578724622E+00
   248    1.386638453278E+00
   249    1.463641082113E+00
   250    1.465869561319E+00
   251    1.468131473228E+00
   252    1.470316542973E+00
   253    1.472542724102E+00
   254    1.474743812040E+00
   255    1.476927814605E+00
   256    1.479095843579E+00
   257    1.481262298193E+00
   258    1.483397251861E+00
   259    1.485530514320E+00
   260    1.487652014524E+00
   261    1.489768020349E+00
   262    1.491852662254E+00
   263    1.493946174557E+00
   264    1.496016313130E+00
   265    1.498097478134E+00
   266    1.500151225686E+00
   267    1.502214674971E+00
   268    1.504197469713E+00
   269    1.506207236600E+00
   270    1.508246221195E+00
   271    1.510238686215E+00
   272    1.512203667516E+00
   273    1.514169973659E+00
   274    1.516140978655E+00
   275    1.518099236063E+00
   276    1.520066130116E+00
   277    1.521971700136E+00
   278    1.523874133390E+00
   279    1.525812762207E+00
   280    1.527693058958E+00
   281    1.529595985353E+00
   282    1.531482100935E+00
   283    1.533386510142E+00
   284    1.535254222000E+00
   285    1.537086495651E+00
   286    1.538939995970E+00
   287    1.540780570369E+00
   288    1.542633934365E+00
   289    1.544422135424E+00
   290    1.546240016538E+00
   291    1.548070078603E+00
   292    1.549878849315E+00
   339    3.877533380388E-02
   340    1.440051784823E-01
   341    2.530166229879E-01
   342    3.631093861103E-01
   343    4.754956863078E-01
   344    5.902217257719E-01
   345    7.055980765900E-01
   346    8.231556181351E-01
   347    9.428374052641E-01
   348    1.062946992499E+00
   349    1.184432279538E+00
   350    1.307227123747E+00
   351    1.430805357883E+00
   352    1.465687533044E+00
   353    1.467916815465E+00
   354    1.470127729841E+00
   355    1.472393508218E+00
   356    1.474525842109E+00
   357    1.476716653503E+00
   358    1.478858467155E+00
   359    1.481008834723E+00
   360    1.483164084724E+00
   361    1.485277068045E+00
   362    1.487461454951E+00
   363    1.489486640058E+00
   364    1.491604514386E+00
   365    1.493656077051E+00
   366    1.495743172789E+00
   367    1.497780164564E+00
   368    1.499840888324E+00
   369    1.501886373462E+00
   370    1.503917284876E+00
   371    1.505926201362E+00
   372    1.507911287802E+00
   373    1.509902035773E+00
   374    1.511886790284E+00
   375    1.513847458254E+00
   376    1.515824108804E+00
   377    1.517789250557E+00
   378    1.519715076965E+00
   379    1.521630739415E+00
   380    1.523558880642E+00
   381    1.525461373094E+00
   382    1.527355827746E+00
   383    1.529252561465E+00
   384    1.531113806543E+00
   385    1.532995133081E+00
   386    1.534866586487E+00
   387    1.536719186110E+00
   388    1.538580936461E+00
   389    1.540413316948E+00
   390    1.542232246307E+00
   391    1.544054440055E+00
   392    1.545866141765E+00
   393    1.547674120358E+00
   394    1.549498138528E+00
   442    7.035482653268E-02
   443    1.776782266590E-01
   444    2.872897690923E-01
   445    3.990737415743E-01
   446    5.130619400417E-01
   447    6.284344603080E-01
   448    7.454393145285E-01
   449    8.639998097584E-01
   450    9.839772634202E-01
   451    1.105111864521E+00
   452    1.227281679533E+00
   453    1.351077607395E+00
   454    1.465473483803E+00
   455    1.467700925225E+00
   456    1.469922322178E+00
   457    1.472146336374E+00
   458    1.474312109335E+00
   459    1.476456623899E+00
   460    1.478623419007E+00
   461    1.480799722826E+00
   462    1.482901152418E+00
   463    1.485027948608E+00
   464    1.487132340337E+00
   465    1.489222785686E+00
   466    1.491306404729E+00
   467    1.493404461111E+00
   468    1.495455997578E+00
   469    1.497549069046E+00
   470    1.499555152740E+00
   471    1.501580293599E+00
   472    1.503624961043E+00
   473    1.505605243521E+00
   474    1.507603726994E+00
   475    1.509690654404E+00
   476    1.511580092266E+00
   477    1.513531428287E+00
   478    1.515504030678E+00
   479    1.517439434255E+00
   480    1.519352483364E+00
   481    1.521290105979E+00
   482    1.523212792190E+00
   483    1.525115876450E+00
   484    1.527005930735E+00
   485    1.528919999022E+00
   486    1.530786000705E+00
   487    1.532669489072E+00
   488    1.534515042135E+00
   489    1.536363541199E+00
   490    1.538176079594E+00
   491    1.540043822754E+00
   492    1.541863438625E+00
   493    1.543686776837E+00
   494    1.545530038091E+00
   495    1.547312294316E+00
   496    1.549104929498E+00
   497    1.550893017362E+00
   544    1.309822804345E-02
   545    1.034942806117E-01
   546    2.120328479416E-01
   547    3.229900918703E-01
   548    4.360994782697E-01
   549    5.506112199622E-01
   550    6.672301367078E-01
   551    7.854604863571E-01
   552    9.048410815129E-01
   553    1.026018241689E+00
   554    1.148269294538E+00
   555    1.271551059197E+00
   556    1.395750121837E+00
   557    1.467472146674E+00
   558    1.469704836114E+00
   559    1.471918031348E+00
   560    1.474086501316E+00
   561    1.476233296345E+00
   562    1.478392951439E+00
   563    1.480527600755E+00
   564    1.482662970206E+00
   565    1.484790119720E+00
   566    1.486912107201E+00
   567    1.488955432743E+00
   568    1.491054797394E+00
   569    1.493123442642E+00
   570    1.495190531177E+00
   571    1.497237874029E+00
   572    1.499305841004E+00
   573    1.501283395870E+00
   574    1.503317710927E+00
   575    1.505315219542E+00
   576    1.507310187790E+00
   577    1.509307179937E+00
   578    1.511251419849E+00
   579    1.513243295874E+00
   580    1.515149639527E+00
   581    1.517111536699E+00
   582    1.519044056113E+00
   583    1.521007245838E+00
   584    1.522857125205E+00
   585    1.524776630490E+00
   586    1.526645808959E+00
   587    1.528547649998E+00
   588    1.530433811889E+00
   589    1.532294095711E+00
   590    1.534159866479E+00
   591    1.536005282886E+00
   592    1.537911527567E+00
   593    1.539668657936E+00
   594    1.541520787625E+00
   595    1.543356372492E+00
   596    1.545128719851E+00
   597    1.546943538095E+00
   598    1.543596753822E+00
   599    1.539741414411E+00
   600    1.535510732161E+00
   647    4.784974270884E-02
   648    1.374137121751E-01
   649    2.470957783705E-01
   650    3.590296607273E-01
   651    4.732934743394E-01
   652    5.895621038076E-01
   653    7.070042347033E-01
   654    8.260814443060E-01
   655    9.468922893901E-01
   656    1.068518131067E+00
   657    1.191566124721E+00
   658    1.315841357831E+00
   659    1.441275124127E+00
   660    1.469550244036E+00
   661    1.471679016432E+00
   662    1.473856274683E+00
   663    1.476008925261E+00
   664    1.478168890605E+00
   665    1.480282093798E+00
   666    1.482412748690E+00
   667    1.484556055285E+00
   668    1.486623213223E+00
   669    1.488718842071E+00
   670    1.490800738928E+00
   671    1.492846527548E+00
   672    1.494900835264E+00
   673    1.496949450926E+00
   674    1.498974581739E+00
   675    1.501028648439E+00
   676    1.503026592838E+00
   677    1.505008938516E+00
   678    1.506992970973E+00
   679    1.508970517733E+00
   680    1.510942187099E+00
   681    1.512919942220E+00
   682    1.514837717199E+00
   683    1.516793289310E+00
   684    1.518699946483E+00
   685    1.520642650617E+00
   686    1.522529958313E+00
   687    1.524422295048E+00
   688    1.526340346674E+00
   689    1.528215825860E+00
   690    1.530090134734E+00
   691    1.531948524090E+00
   692    1.533798792350E+00
   693    1.535636421071E+00
   694    1.537503341379E+00
   695    1.539315112840E+00
   696    1.541150432202E+00
   697    1.537790003463E+00
   698    1.534070132147E+00
   699    1.529968361508E+00
   700    1.525475359534E+00
   749    2.138438033707E-02
   750    8.269940136558E-02
   751    1.718773972008E-01
   752    2.825598612098E-01
   753    3.962321013435E-01
   754    5.117935427102E-01
   755    6.286351925178E-01
   756    7.468312033715E-01
   757    8.673016352347E-01
   758    9.891437284754E-01
   759    1.111789924321E+00
   760    1.235878752467E+00
   761    1.360905288496E+00
   762    1.469306113891E+00
   763    1.471487227479E+00
   764    1.473627427337E+00
   765    1.475781805440E+00
   766    1.477892505302E+00
   767    1.480080399672E+00
   768    1.482208124180E+00
   769    1.484264073730E+00
   770    1.486389910886E+00
   771    1.488451065431E+00
   772    1.490520091149E+00
   773    1.492596074723E+00
   774    1.494624436208E+00
   775    1.496656141465E+00
   776    1.498732468356E+00
   777    1.500712749545E+00
   778    1.502709810810E+00
   779    1.504744600674E+00
   780    1.506683024364E+00
   781    1.508658435962E+00
   782    1.510640226427E+00
   783    1.512589252694E+00
   784    1.514524161010E+00
   785    1.516441214927E+00
   786    1.518393580844E+00
   787    1.520302027002E+00
   788    1.522277327793E+00
   789    1.524097798132E+00
   790    1.526036522622E+00
   791    1.527868597052E+00
   792    1.529737118068E+00
   793    1.531609748911E+00
   794    1.533471092565E+00
   795    1.535259525794E+00
   796    1.531913605277E+00
   797    1.528290733656E+00
   798    1.524274890601E+00
   799    1.519918239111E+00
   800    1.515144083568E+00
   852    5.543768265222E-02
   853    1.172109874693E-01
   854    2.065121417427E-01
   855    3.189708860861E-01
   856    4.339379153208E-01
   857    5.503019527230E-01
   858    6.687806821415E-01
   859    7.883410143145E-01
   860    9.094775872927E-01
   861    1.032059015177E+00
   862    1.155676244130E+00
   863    1.280681455143E+00
   864    1.406680643832E+00
   865    1.471244004904E+00
   866    1.473460546826E+00
   867    1.475548800906E+00
   868    1.477698732736E+00
   869    1.479813348628E+00
   870    1.481908485580E+00
   871    1.484016290002E+00
   872    1.486100341269E+00
   873    1.488198403190E+00
   874    1.490305198968E+00
   875    1.492306040596E+00
   876    1.494346488346E+00
   877    1.496387576197E+00
   878    1.498396209685E+00
   879    1.500421180521E+00
   880    1.502412577481E+00
   881    1.504401602316E+00
   882    1.506386913622E+00
   883    1.508354565413E+00
   884    1.510319286102E+00
   885    1.512270126516E+00
   886    1.514202352443E+00
   887    1.516138541562E+00
   888    1.518053861874E+00
   889    1.519977885158E+00
   890    1.521880525894E+00
   891    1.523814891044E+00
   892    1.525646413813E+00
   893    1.527568146857E+00
   894    1.529158513104E+00
   895    1.525943507417E+00
   896    1.522402350298E+00
   897    1.518497339978E+00
   898    1.514268390554E+00
   899    1.509582740766E+00
   900    1.504609532876E+00
   954    2.975821192671E-02
   955    9.119192630626E-02
   956    1.524790356386E-01
   957    2.427366623031E-01
   958    3.563182700248E-01
   959    4.721910069924E-01
   960    5.893471705392E-01
   961    7.092810813627E-01
   962    8.300329491865E-01
   963    9.520203167559E-01
   964    1.075569941908E+00
   965    1.200350303190E+00
   966    1.326141797156E+00
   967    1.453171904847E+00
   968    1.473189543777E+00
   969    1.475347403631E+00
   970    1.477442527246E+00
   971    1.479590544818E+00
   972    1.481685179085E+00
   973    1.483774873306E+00
   974    1.485861037151E+00
   975    1.487945296267E+00
   976    1.489978919827E+00
   977    1.492055095356E+00
   978    1.494107521413E+00
   979    1.496098512180E+00
   980    1.498121374940E+00
   981    1.500139531528E+00
   982    1.502088773331E+00
   983    1.504112369678E+00
   984    1.506112197065E+00
   985    1.508065800474E+00
   986    1.510011426979E+00
   987    1.511988073977E+00
   988    1.513894891238E+00
   989    1.515813325177E+00
   990    1.517736533949E+00
   991    1.519626714489E+00
   992    1.521549593851E+00
   993    1.522998064736E+00
   994    1.519838830554E+00
   995    1.516411878334E+00
   996    1.512594479628E+00
   997    1.508435989956E+00
   998    1.503906775830E+00
   999    1.499031477303E+00
  1000    1.493717610941E+00
  1056    3.598431750367E-03
  1057    6.498198793772E-02
  1058    1.264956575357E-01
  1059    1.877908943505E-01
  1060    2.796661440820E-01
  1061    3.937182776061E-01
  1062    5.110756668015E-01
  1063    6.299202562984E-01
  1064    7.504013494776E-01
  1065    8.721992584587E-01
  1066    9.953329032131E-01
  1067    1.120144649139E+00
  1068    1.245513546729E+00
  1069    1.372386813502E+00
  1070    1.472959740569E+00
  1071    1.475092944612E+00
  1072    1.477269013993E+00
  1073    1.479360455242E+00
  1074    1.481439773551E+00
  1075    1.483539048632E+00
  1076    1.485606312349E+00
  1077    1.487665311735E+00
  1078    1.489721954924E+00
  1079    1.491779206411E+00
  1080    1.493801228366E+00
  1081    1.495823575423E+00
  1082    1.497845032503E+00
  1083    1.499854575884E+00
  1084    1.501831720849E+00
  1085    1.503828624085E+00
  1086    1.505759895402E+00
  1087    1.507797387252E+00
  1088    1.509765829607E+00
  1089    1.511645916530E+00
  1090    1.513587794784E+00
  1091    1.515477895951E+00
  1092    1.516691378490E+00
  1093    1.513663957545E+00
  1094    1.510291518137E+00
  1095    1.506602747248E+00
  1096    1.502540306289E+00
  1097    1.498114505077E+00
  1098    1.493382770642E+00
  1099    1.488124352871E+00
  1100    1.482616808178E+00
  1159    3.936641058685E-02
  1160    1.007608441238E-01
  1161    1.618696968153E-01
  1162    2.228522116466E-01
  1163    3.163832954496E-01
  1164    4.327707486739E-01
  1165    5.509622059979E-01
  1166    6.710414952888E-01
  1167    7.923418146798E-01
  1168    9.151200814643E-01
  1169    1.039159561130E+00
  1170    1.164864337830E+00
  1171    1.291705632189E+00
  1172    1.419101672165E+00
  1173    1.474884344110E+00
  1174    1.477005672171E+00
  1175    1.479103058988E+00
  1176    1.481194856859E+00
  1177    1.483265472641E+00
  1178    1.485341729284E+00
  1179    1.487424069361E+00
  1180    1.489461942924E+00
  1181    1.491488760164E+00
  1182    1.493536053156E+00
  1183    1.495581638562E+00
  1184    1.497557395354E+00
  1185    1.499548980426E+00
  1186    1.501566964309E+00
  1187    1.503575499346E+00
  1188    1.505468439182E+00
  1189    1.507438388378E+00
  1190    1.509399439353E+00
  1191    1.510257896180E+00
  1192    1.507343152231E+00
  1193    1.504075849891E+00
  1194    1.500477633236E+00
  1195    1.496539655112E+00
  1196    1.492257566197E+00
  1197    1.487541143055E+00
  1198    1.482502824918E+00
  1199    1.477055319862E+00
  1200    1.471238826896E+00
  1261    1.306725028373E-02
  1262    7.468110226717E-02
  1263    1.361453682706E-01
  1264    1.974761973074E-01
  1265    2.585060740074E-01
  1266    3.548845537352E-01
  1267    4.720506327818E-01
  1268    5.914469277119E-01
  1269    7.123460535014E-01
  1270    8.346856335338E-01
  1271    9.589050636934E-01
  1272    1.083773023831E+00
  1273    1.210464496681E+00
  1274    1.338211655292E+00
  1275    1.466576062798E+00
  1276    1.476767848529E+00
  1277    1.478840006760E+00
  1278    1.480958511534E+00
  1279    1.483011625707E+00
  1280    1.485106252891E+00
  1281    1.487158547647E+00
  1282    1.489231982979E+00
  1283    1.491235147649E+00
  1284    1.493262930765E+00
  1285    1.495318298070E+00
  1286    1.497302444191E+00
  1287    1.499275912210E+00
  1288    1.501247933526E+00
  1289    1.503226659505E+00
  1290    1.503829685211E+00
  1291    1.500945275816E+00
  1292    1.497761845887E+00
  1293    1.494241848881E+00
  1294    1.490412675840E+00
  1295    1.486194090904E+00
  1296    1.481632380766E+00
  1297    1.476682692957E+00
  1298    1.471350381172E+00
  1299    1.465672574963E+00
  1300    1.459629027664E+00
  1364    4.926101716802E-02
  1365    1.105270542210E-01
  1366    1.717757614785E-01
  1367    2.329554546269E-01
  1368    2.936570484323E-01
  1369    3.933446857087E-01
  1370    5.121759978610E-01
  1371    6.326779463010E-01
  1372    7.547313535419E-01
  1373    8.783755265162E-01
  1374    1.003187035830E+00
  1375    1.129623379310E+00
  1376    1.256695158524E+00
  1377    1.385513365463E+00
  1378    1.476546378121E+00
  1379    1.478671345133E+00
  1380    1.480714000670E+00
  1381    1.482826343898E+00
  1382    1.484858015616E+00
  1383    1.486891716946E+00
  1384    1.488966854866E+00
  1385    1.490973080975E+00
  1386    1.492972969815E+00
  1387    1.495007165873E+00
  1388    1.497032856373E+00
  1389    1.497249675857E+00
  1390    1.494444806624E+00
  1391    1.491329767350E+00
  1392    1.487917871157E+00
  1393    1.484176339538E+00
  1394    1.480060630529E+00
  1395    1.475669357363E+00
  1396    1.470766251993E+00
  1397    1.465569827182E+00
  1398    1.460005516034E+00
  1399    1.454087438933E+00
  1400    1.447753166328E+00
  1466    2.285648637152E-02
  1467    8.497439614620E-02
  1468    1.464761241007E-01
  1469    2.080338516832E-01
  1470    2.682760555266E-01
  1471    3.293674438079E-01
  1472    4.331324332314E-01
  1473    5.531026469093E-01
  1474    6.747600471717E-01
  1475    7.977631741657E-01
  1476    9.223793709961E-01
  1477    1.048369227119E+00
  1478    1.175644865474E+00
  1479    1.304057291988E+00
  1480    1.433629397465E+00
  1481    1.478421185515E+00
  1482    1.480451270024E+00
  1483    1.482536902522E+00
  1484    1.484605251428E+00
  1485    1.486658121216E+00
  1486    1.488674599749E+00
  1487    1.490703533123E+00
  1488    1.490509618023E+00
  1489    1.487850367364E+00
  1490    1.484830666568E+00
  1491    1.481498056463E+00
  1492    1.477863635277E+00
  1493    1.473822669393E+00
  1494    1.469446558545E+00
  1495    1.464754278943E+00
  1496    1.459696928638E+00
  1497    1.454184497768E+00
  1498    1.448373844553E+00
  1499    1.442179537208E+00
  1500    1.435648678914E+00
  1569    5.959637776320E-02
  1570    1.211192730571E-01
  1571    1.826801848699E-01
  1572    2.434350773751E-01
  1573    3.045051555596E-01
  1574    3.648664589269E-01
  1575    4.733978362352E-01
  1576    5.947908536690E-01
  1577    7.176528756031E-01
  1578    8.416268536247E-01
  1579    9.670692847296E-01
  1580    1.094587369325E+00
  1581    1.222488716318E+00
  1582    1.351854694765E+00
  1583    1.478141205926E+00
  1584    1.480204293366E+00
  1585    1.482404808938E+00
  1586    1.484319746224E+00
  1587    1.483756152459E+00
  1588    1.481137312056E+00
  1589    1.478207705846E+00
  1590    1.474949365779E+00
  1591    1.471391956103E+00
  1592    1.467490880044E+00
  1593    1.463212327550E+00
  1594    1.458553693233E+00
  1595    1.453640131184E+00
  1596    1.448266864571E+00
  1597    1.442650320188E+00
  1598    1.436509249925E+00
  1599    1.430121112203E+00
  1600    1.423365510332E+00
  1671    3.411005219351E-02
  1672    9.585402877850E-02
  1673    1.574466343285E-01
  1674    2.186508791916E-01
  1675    2.795904235137E-01
  1676    3.402688339328E-01
  1677    4.003299938648E-01
  1678    5.141130312555E-01
  1679    6.367062355936E-01
  1680    7.612314261295E-01
  1681    8.863212623560E-01
  1682    1.012988693403E+00
  1683    1.140979994664E+00
  1684    1.270147216828E+00
  1685    1.400454146605E+00
  1686    1.476875327949E+00
  1687    1.474337156043E+00
  1688    1.471491989300E+00
  1689    1.468321724478E+00
  1690    1.464845983811E+00
  1691    1.461064660279E+00
  1692    1.456876138896E+00
  1693    1.452382955151E+00
  1694    1.447451173748E+00
  1695    1.442254442584E+00
  1696    1.436678315916E+00
  1697    1.430726395263E+00
  1698    1.424438790594E+00
  1699    1.417794967472E+00
  1700    1.410874581322E+00
  1773    8.716071100085E-03
  1774    7.070269785603E-02
  1775    1.322659972489E-01
  1776    1.940153956294E-01
  1777    2.546007896226E-01
  1778    3.154871975996E-01
  1779    3.762488119709E-01
  1780    4.358333313143E-01
  1781    5.563127281838E-01
  1782    6.802593082876E-01
  1783    8.048669650171E-01
  1784    9.314468891896E-01
  1785    1.057965982617E+00
  1786    1.185135097298E+00
  1787    1.315374667192E+00
  1788    1.449484262925E+00
  1789    1.458223988024E+00
  1790    1.454498050858E+00
  1791    1.450445746477E+00
  1792    1.446024222715E+00
  1793    1.441241285957E+00
  1794    1.436145214781E+00
  1795    1.430645353133E+00
  1796    1.424805837505E+00
  1797    1.418615366674E+00
  1798    1.412117313266E+00
  1799    1.405282109880E+00
  1800    1.398189806420E+00
  1876    4.185517188023E-02
  1877    1.051422767230E-01
  1878    1.669291122056E-01
  1879    2.283725424280E-01
  1880    2.890775290716E-01
  1881    3.494513681187E-01
  1882    4.081350986288E-01
  1883    4.723134629712E-01
  1884    5.933108783971E-01
  1885    7.158849738531E-01
  1886    8.413057589742E-01
  1887    9.693042734955E-01
  1888    1.099800645222E+00
  1889    1.235012926275E+00
  1890    1.374976575782E+00
  1891    1.439556464511E+00
  1892    1.434895644634E+00
  1893    1.429863374936E+00
  1894    1.424495919546E+00
  1895    1.418803003839E+00
  1896    1.412713922205E+00
  1897    1.406354539455E+00
  1898    1.399644021564E+00
  1899    1.392643127579E+00
  1900    1.385379120961E+00
  1979    5.748598021011E-02
  1980    1.199331741513E-01
  1981    1.813282556240E-01
  1982    2.416649744810E-01
  1983    3.014726138311E-01
  1984    3.611588010908E-01
  1985    4.184477999103E-01
  1986    4.983118171882E-01
  1987    6.241582443688E-01
  1988    7.525731958362E-01
  1989    8.842240436296E-01
  1990    1.020353738386E+00
  1991    1.161238184656E+00
  1992    1.308639354350E+00
  1993    1.418260366838E+00
  1994    1.412655960598E+00
  1995    1.406715351120E+00
  1996    1.400457768644E+00
  1997    1.393869659500E+00
  1998    1.387010639635E+00
  1999    1.379804588189E+00
  2000    1.372406908478E+00
  2081    1.186739565715E-02
  2082    7.338260232185E-02
  2083    1.348846160415E-01
  2084    1.947892363487E-01
  2085    2.543530225851E-01
  2086    3.130517196786E-01
  2087    3.710682138817E-01
  2088    4.280037276829E-01
  2089    5.355290857194E-01
  2090    6.688377510151E-01
  2091    8.053171016859E-01
  2092    9.472073351549E-01
  2093    1.095930197286E+00
  2094    1.251995173955E+00
  2095    1.394457823121E+00
  2096    1.387982179653E+00
  2097    1.381213096837E+00
  2098    1.374207898365E+00
  2099    1.366900141118E+00
  2100    1.359336833541E+00
  2184    2.756517565834E-02
  2185    8.837598187832E-02
  2186    1.488440138920E-01
  2187    2.079408506238E-01
  2188    2.662409718721E-01
  2189    3.234946820148E-01
  2190    3.796813318541E-01
  2191    4.508800734434E-01
  2192    5.888947602747E-01
  2193    7.319650912154E-01
  2194    8.819075790664E-01
  2195    1.039939815377E+00
  2196    1.206419291993E+00
  2197    1.368419026052E+00
  2198    1.361221407938E+00
  2199    1.353817103930E+00
  2200    1.346173678566E+00
  2287    4.279355151684E-02
  2288    1.029346319517E-01
  2289    1.621687655304E-01
  2290    2.198680770026E-01
  2291    2.771478235059E-01
  2292    3.326860887617E-01
  2293    3.869216047675E-01
  2294    5.152236182396E-01
  2295    6.662260331981E-01
  2296    8.254701499525E-01
  2297    9.939456248717E-01
  2298    1.172833656076E+00
  2299    1.340630373435E+00
  2300    1.332926294802E+00
  2390    5.806649681855E-02
  2391    1.165581909216E-01
  2392    1.741352396170E-01
  2393    2.302816631411E-01
  2394    2.854005076316E-01
  2395    3.392546061960E-01
  2396    4.485028797903E-01
  2397    6.084994261437E-01
  2398    7.792256619568E-01
  2399    9.603696862276E-01
  2400    1.152723298185E+00
  2492    1.363307516637E-02
  2493    7.145189644841E-02
  2494    1.286791508312E-01
  2495    1.844870862109E-01
  2496    2.388745073812E-01
  2497    2.919467397704E-01
  2498    3.895516505282E-01
  2499    5.611649669505E-01
  2500    7.447617750014E-01
  2595    2.770449101253E-02
  2596    8.399214611268E-02
  2597    1.391462177154E-01
  2598    1.928375475201E-01
  2599    2.450001646325E-01
  2600    3.403703367075E-01
  2698    4.011366598473E-02
  2699    9.454478767008E-02
  2700    1.471795953599E-01
