    89    7.922336510626E-01
    90    7.903707257040E-01
    91    7.884656724158E-01
    92    7.865830153155E-01
    93    7.846157614825E-01
    94    7.826584072980E-01
    95    7.806732819039E-01
    96    7.786714839862E-01
    97    7.766264271388E-01
    98    7.745993727856E-01
    99    7.725516891478E-01
   100    7.703962240014E-01
   191    7.929944146920E-01
   192    7.911203882268E-01
   193    7.892161965336E-01
   194    7.873345137054E-01
   195    7.852926811520E-01
   196    7.833683501223E-01
   197    7.813814952207E-01
   198    7.793486812564E-01
   199    7.773173018685E-01
   200    7.752367037514E-01
   293    7.937123352309E-01
   294    7.918310982098E-01
   295    7.899250915916E-01
   296    7.879685964431E-01
   297    7.860147653113E-01
   298    7.839982542330E-01
   299    7.820403732139E-01
   300    7.799887492293E-01
   395    7.944416461728E-01
   396    7.925237700991E-01
   397    7.905872854843E-01
   398    7.886702907505E-01
   399    7.866195956219E-01
   400    7.820789230980E-01
   498    7.931462846104E-01
   499    7.886608319394E-01
   500    7.838800382828E-01
