     1    1.854308329476E+00
     2    1.854957990161E+00
     3    1.855616698000E+00
     4    1.856327463729E+00
     5    1.856981111993E+00
     6    1.857663178311E+00
     7    1.858370671733E+00
     8    1.859056051620E+00
     9    1.859733243915E+00
    10    1.860473832816E+00
    11    1.861143795089E+00
    12    1.861816523780E+00
    13    1.862513819604E+00
    14    1.863180129359E+00
    15    1.863929877504E+00
    16    1.864562313331E+00
    17    1.865266446456E+00
    18    1.865889628371E+00
    19    1.866612208628E+00
    20    1.867253120331E+00
    21    1.867992667753E+00
    22    1.868638270013E+00
    23    1.869318879788E+00
    24    1.870013892292E+00
    25    1.870661996756E+00
    26    1.871353096083E+00
    27    1.872044732601E+00
    28    1.872688701587E+00
    29    1.873385948299E+00
    30    1.877182210830E+00
    31    1.889949265846E+00
    32    1.903090599026E+00
    33    1.916688778432E+00
    34    1.930572397803E+00
    35    9.063002198770E-01
   101    1.854209826330E+00
   102    1.854882340110E+00
   103    1.855625165304E+00
   104    1.856277393549E+00
   105    1.856947530329E+00
   106    1.857646546662E+00
   107    1.858306681421E+00
   108    1.858999656794E+00
   109    1.859679971065E+00
   110    1.860399382435E+00
   111    1.861041567998E+00
   112    1.861710622703E+00
   113    1.862415115475E+00
   114    1.863178706918E+00
   115    1.863769022502E+00
   116    1.864483268993E+00
   117    1.865184584832E+00
   118    1.865805281236E+00
   119    1.866513168469E+00
   120    1.867231506009E+00
   121    1.867838804789E+00
   122    1.868526340623E+00
   123    1.869233543155E+00
   124    1.869877326015E+00
   125    1.870580682698E+00
   126    1.871216470966E+00
   127    1.871905980456E+00
   128    1.872610126412E+00
   129    1.873254329031E+00
   130    1.873956083801E+00
   131    1.874571811639E+00
   132    1.875340758484E+00
   133    1.880621085224E+00
   134    1.582894824270E+00
   201    1.854146932763E+00
   202    1.854836962629E+00
   203    1.855535774245E+00
   204    1.856270802924E+00
   205    1.856908650408E+00
   206    1.857608148750E+00
   207    1.858262302448E+00
   208    1.859003767001E+00
   209    1.859672841619E+00
   210    1.860339451625E+00
   211    1.861054316860E+00
   212    1.861717734967E+00
   213    1.862365408497E+00
   214    1.863049306742E+00
   215    1.863725059124E+00
   216    1.864391250194E+00
   217    1.865115770375E+00
   218    1.865751327556E+00
   219    1.866420483299E+00
   220    1.867105970538E+00
   221    1.867763768388E+00
   222    1.868466433269E+00
   223    1.869132179272E+00
   224    1.869903416970E+00
   225    1.870468977568E+00
   226    1.871142515341E+00
   227    1.871820894426E+00
   228    1.872462606249E+00
   229    1.873175857515E+00
   230    1.873808018847E+00
   231    1.874499306574E+00
   232    1.875203795233E+00
   233    1.875860558412E+00
   234    4.420141093247E-01
   301    1.854162904172E+00
   302    1.854816924925E+00
   303    1.855511459968E+00
   304    1.856221158742E+00
   305    1.856908001703E+00
   306    1.857555180566E+00
   307    1.858260138151E+00
   308    1.858954123257E+00
   309    1.859596204956E+00
   310    1.860288171345E+00
   311    1.860943376539E+00
   312    1.861665874090E+00
   313    1.862321083302E+00
   314    1.863012404977E+00
   315    1.863706584241E+00
   316    1.864387983315E+00
   317    1.865038255793E+00
   318    1.865684078578E+00
   319    1.866352560527E+00
   320    1.867045214339E+00
   321    1.867710257516E+00
   322    1.868372573110E+00
   323    1.869050365605E+00
   324    1.869771300444E+00
   325    1.870426632321E+00
   326    1.871085379596E+00
   327    1.871767892057E+00
   328    1.872457899785E+00
   329    1.873095058609E+00
   330    1.873746574381E+00
   331    1.874409565229E+00
   332    1.875083439622E+00
   333    1.788600493043E+00
   401    1.854158262592E+00
   402    1.854867500151E+00
   403    1.855515261383E+00
   404    1.856208439427E+00
   405    1.856864270324E+00
   406    1.857572813678E+00
   407    1.858220044309E+00
   408    1.858983648632E+00
   409    1.859606947960E+00
   410    1.860276760321E+00
   411    1.860964749497E+00
   412    1.861626877976E+00
   413    1.862288779443E+00
   414    1.862954105595E+00
   415    1.863646237309E+00
   416    1.864329042711E+00
   417    1.865075085242E+00
   418    1.865689117937E+00
   419    1.866303382956E+00
   420    1.867021510987E+00
   421    1.867720356590E+00
   422    1.868307699782E+00
   423    1.869025229170E+00
   424    1.869688439571E+00
   425    1.870341894456E+00
   426    1.870995847255E+00
   427    1.871681010416E+00
   428    1.872349852343E+00
   429    1.872974173379E+00
   430    1.873696534262E+00
   431    1.874348473160E+00
   432    1.875031456286E+00
   433    8.789922651332E-01
   501    1.854138104283E+00
   502    1.854849793566E+00
   503    1.855535742596E+00
   504    1.856239661914E+00
   505    1.856864617084E+00
   506    1.857557080067E+00
   507    1.858242333582E+00
   508    1.858952839448E+00
   509    1.859610098032E+00
   510    1.860276336141E+00
   511    1.860921894962E+00
   512    1.861635420212E+00
   513    1.862286521535E+00
   514    1.862952391042E+00
   515    1.863633294619E+00
   516    1.864281234600E+00
   517    1.864960116767E+00
   518    1.865621286017E+00
   519    1.866295157177E+00
   520    1.866962765080E+00
   521    1.867651610078E+00
   522    1.868303288439E+00
   523    1.868948513914E+00
   524    1.869675585732E+00
   525    1.870289725126E+00
   526    1.870956478872E+00
   527    1.871611017718E+00
   528    1.872265576376E+00
   529    1.872974200960E+00
   530    1.873636376829E+00
   531    1.874322339944E+00
   532    1.874946253241E+00
   533    4.140557451463E-02
   601    1.854105021155E+00
   602    1.854845946846E+00
   603    1.855537513508E+00
   604    1.856194019929E+00
   605    1.856921725506E+00
   606    1.857553266525E+00
   607    1.858257088815E+00
   608    1.858890545882E+00
   609    1.859572620120E+00
   610    1.860216937904E+00
   611    1.860957186758E+00
   612    1.861620347900E+00
   613    1.862285882835E+00
   614    1.862935751539E+00
   615    1.863611396499E+00
   616    1.864267346840E+00
   617    1.864914373529E+00
   618    1.865632351216E+00
   619    1.866286053428E+00
   620    1.866929674102E+00
   621    1.867608595580E+00
   622    1.868336717603E+00
   623    1.868941509608E+00
   624    1.869567668590E+00
   625    1.870263981156E+00
   626    1.870914402285E+00
   627    1.871569207922E+00
   628    1.872241027709E+00
   629    1.872908011347E+00
   630    1.873546279684E+00
   631    1.874217797421E+00
   632    1.412409762140E+00
   701    1.854117875704E+00
   702    1.854933493364E+00
   703    1.855569179836E+00
   704    1.856222468502E+00
   705    1.856887528441E+00
   706    1.857599339551E+00
   707    1.858271237683E+00
   708    1.858887455256E+00
   709    1.859633157755E+00
   710    1.860246250447E+00
   711    1.860939308653E+00
   712    1.861619275802E+00
   713    1.862257374818E+00
   714    1.862905985043E+00
   715    1.863595217612E+00
   716    1.864298890307E+00
   717    1.864914087765E+00
   718    1.865588211838E+00
   719    1.866237806161E+00
   720    1.866928216408E+00
   721    1.867630935831E+00
   722    1.868246030357E+00
   723    1.868930179838E+00
   724    1.869592133764E+00
   725    1.870258617196E+00
   726    1.870944060623E+00
   727    1.871549501417E+00
   728    1.872214013881E+00
   729    1.872866215515E+00
   730    1.873532993977E+00
   731    1.874218383719E+00
   732    5.845699403415E-01
   801    1.854182843106E+00
   802    1.854888819562E+00
   803    1.855555625155E+00
   804    1.856307667210E+00
   805    1.856907811000E+00
   806    1.857593038028E+00
   807    1.858337411581E+00
   808    1.858996175661E+00
   809    1.859652222062E+00
   810    1.860285900018E+00
   811    1.860974684096E+00
   812    1.861633200748E+00
   813    1.862331959112E+00
   814    1.862949676842E+00
   815    1.863622947167E+00
   816    1.864251081249E+00
   817    1.864948626279E+00
   818    1.865630505094E+00
   819    1.866241861105E+00
   820    1.866961615108E+00
   821    1.867571518214E+00
   822    1.868205160777E+00
   823    1.868927273833E+00
   824    1.869633275786E+00
   825    1.870257914209E+00
   826    1.870868763428E+00
   827    1.871498189108E+00
   828    1.872192958899E+00
   829    1.872867553044E+00
   830    1.873507611128E+00
   831    1.874208565708E+00
   901    1.854075929394E+00
   902    1.854836699691E+00
   903    1.855537197382E+00
   904    1.856280052375E+00
   905    1.856940469416E+00
   906    1.857660163717E+00
   907    1.858309995448E+00
   908    1.858969467983E+00
   909    1.859705922111E+00
   910    1.860306567780E+00
   911    1.860965713203E+00
   912    1.861678219503E+00
   913    1.862347506561E+00
   914    1.863032554702E+00
   915    1.863630888031E+00
   916    1.864300790434E+00
   917    1.864961375588E+00
   918    1.865634454225E+00
   919    1.866312922325E+00
   920    1.867016394615E+00
   921    1.867648188996E+00
   922    1.868249145774E+00
   923    1.868937679341E+00
   924    1.869540745494E+00
   925    1.870263257623E+00
   926    1.870892784936E+00
   927    1.871594818032E+00
   928    1.872234020027E+00
   929    1.872919794832E+00
   930    1.873471272004E+00
   931    1.217781969429E+00
  1001    1.854204778919E+00
  1002    1.854886609107E+00
  1003    1.855600982690E+00
  1004    1.856267946204E+00
  1005    1.856971090069E+00
  1006    1.857670119205E+00
  1007    1.858363191751E+00
  1008    1.859046161654E+00
  1009    1.859732451630E+00
  1010    1.860348901039E+00
  1011    1.861004835192E+00
  1012    1.861715328408E+00
  1013    1.862358384697E+00
  1014    1.863003729218E+00
  1015    1.863688799180E+00
  1016    1.864380490782E+00
  1017    1.865007909908E+00
  1018    1.865698345890E+00
  1019    1.866301702479E+00
  1020    1.866987168084E+00
  1021    1.867609719601E+00
  1022    1.868285289058E+00
  1023    1.868941257404E+00
  1024    1.869610480925E+00
  1025    1.870265300161E+00
  1026    1.870934928679E+00
  1027    1.871541659835E+00
  1028    1.872207207511E+00
  1029    1.872865828169E+00
  1030    1.873505539859E+00
  1031    4.508856346926E-01
  1101    1.854185375603E+00
  1102    1.854915835470E+00
  1103    1.855607025712E+00
  1104    1.856405567520E+00
  1105    1.856998974336E+00
  1106    1.857731535085E+00
  1107    1.858436688697E+00
  1108    1.859082174873E+00
  1109    1.859743702698E+00
  1110    1.860442682240E+00
  1111    1.861078204402E+00
  1112    1.861762865485E+00
  1113    1.862440991950E+00
  1114    1.863079136241E+00
  1115    1.863740602770E+00
  1116    1.864334379911E+00
  1117    1.865022752776E+00
  1118    1.865754807855E+00
  1119    1.866352586244E+00
  1120    1.867020999385E+00
  1121    1.867652702624E+00
  1122    1.868299330137E+00
  1123    1.868982249876E+00
  1124    1.869634961159E+00
  1125    1.870310027659E+00
  1126    1.870929210988E+00
  1127    1.871602686355E+00
  1128    1.872218649319E+00
  1129    1.872862605392E+00
  1130    1.873480426974E+00
  1202    1.854975841672E+00
  1203    1.855682509316E+00
  1204    1.856385319318E+00
  1205    1.857080372347E+00
  1206    1.857807741679E+00
  1207    1.858439301838E+00
  1208    1.859149200552E+00
  1209    1.859796189404E+00
  1210    1.860473072724E+00
  1211    1.861152839016E+00
  1212    1.861795335096E+00
  1213    1.862470297017E+00
  1214    1.863104150994E+00
  1215    1.863781033226E+00
  1216    1.864473235678E+00
  1217    1.865076311923E+00
  1218    1.865765709812E+00
  1219    1.866390429575E+00
  1220    1.867057753343E+00
  1221    1.867712031727E+00
  1222    1.868390533364E+00
  1223    1.868980430659E+00
  1224    1.869718587832E+00
  1225    1.870297828159E+00
  1226    1.870962240352E+00
  1227    1.871598148608E+00
  1228    1.872277391844E+00
  1229    1.872923792685E+00
  1230    1.171319533591E+00
  1303    1.855731918169E+00
  1304    1.856393893164E+00
  1305    1.857119865466E+00
  1306    1.857817555881E+00
  1307    1.858526119446E+00
  1308    1.859197686029E+00
  1309    1.859908869693E+00
  1310    1.860559780195E+00
  1311    1.861191771152E+00
  1312    1.861872787473E+00
  1313    1.862543674660E+00
  1314    1.863222610881E+00
  1315    1.863908295082E+00
  1316    1.864507970485E+00
  1317    1.865161181807E+00
  1318    1.865854193372E+00
  1319    1.866458363225E+00
  1320    1.867115605243E+00
  1321    1.867756468862E+00
  1322    1.868482682094E+00
  1323    1.869040765014E+00
  1324    1.869746100758E+00
  1325    1.870354722958E+00
  1326    1.870982610953E+00
  1327    1.871675151021E+00
  1328    1.872312780427E+00
  1329    1.872915314475E+00
  1330    4.499634792074E-01
  1404    3.301815356329E-02
  1405    1.857127886042E+00
  1406    1.857875154080E+00
  1407    1.858591754526E+00
  1408    1.859179036895E+00
  1409    1.859977614496E+00
  1410    1.860663826822E+00
  1411    1.861276601178E+00
  1412    1.861989245839E+00
  1413    1.862638688938E+00
  1414    1.863295765973E+00
  1415    1.863942280318E+00
  1416    1.864565915895E+00
  1417    1.865238497274E+00
  1418    1.865885358830E+00
  1419    1.866529128017E+00
  1420    1.867160953625E+00
  1421    1.867824544372E+00
  1422    1.868493604626E+00
  1423    1.869135507895E+00
  1424    1.869752026031E+00
  1425    1.870436836488E+00
  1426    1.871052757160E+00
  1427    1.871705145707E+00
  1428    1.872359990278E+00
  1429    1.873052746589E+00
  1506    1.857958967781E+00
  1507    1.858627561986E+00
  1508    1.859320427316E+00
  1509    1.860003925284E+00
  1510    1.860701207057E+00
  1511    1.861364517345E+00
  1512    1.861994099817E+00
  1513    1.862710343103E+00
  1514    1.863375150252E+00
  1515    1.863980642449E+00
  1516    1.864632423372E+00
  1517    1.865296224792E+00
  1518    1.866096949051E+00
  1519    1.866599942947E+00
  1520    1.867259485748E+00
  1521    1.867926771137E+00
  1522    1.868565522970E+00
  1523    1.869203394480E+00
  1524    1.869834284318E+00
  1525    1.870476686899E+00
  1526    1.871135344608E+00
  1527    1.871738699567E+00
  1528    1.872424842113E+00
  1529    1.250115544471E+00
  1607    1.678054722097E+00
  1608    1.859353012822E+00
  1609    1.860073067317E+00
  1610    1.860735333099E+00
  1611    1.861421423391E+00
  1612    1.862083471822E+00
  1613    1.862785579792E+00
  1614    1.863484624008E+00
  1615    1.864089775551E+00
  1616    1.864750186074E+00
  1617    1.865427027113E+00
  1618    1.866073904912E+00
  1619    1.866682262298E+00
  1620    1.867376673994E+00
  1621    1.867978976245E+00
  1622    1.868620609113E+00
  1623    1.869379718319E+00
  1624    1.869884985898E+00
  1625    1.870626752044E+00
  1626    1.871211057753E+00
  1627    1.871870351563E+00
  1628    1.872493910621E+00
  1629    5.628174646637E-01
  1709    1.860114549971E+00
  1710    1.860850369055E+00
  1711    1.861613557209E+00
  1712    1.862192867539E+00
  1713    1.862859712859E+00
  1714    1.863516005713E+00
  1715    1.864175058375E+00
  1716    1.864860486404E+00
  1717    1.865531078230E+00
  1718    1.866128795237E+00
  1719    1.866820646232E+00
  1720    1.867466333314E+00
  1721    1.868077165386E+00
  1722    1.868725152374E+00
  1723    1.869350854638E+00
  1724    1.870014972372E+00
  1725    1.870647955455E+00
  1726    1.871365953405E+00
  1727    1.871944134933E+00
  1728    1.872573306086E+00
  1810    1.860885948677E+00
  1811    1.861646078393E+00
  1812    1.862271920724E+00
  1813    1.862959155563E+00
  1814    1.863632513273E+00
  1815    1.864266060042E+00
  1816    1.864978917218E+00
  1817    1.865629321065E+00
  1818    1.866252331808E+00
  1819    1.866910970442E+00
  1820    1.867560665853E+00
  1821    1.868171965343E+00
  1822    1.868852088796E+00
  1823    1.869475544730E+00
  1824    1.870097251177E+00
  1825    1.870744964107E+00
  1826    1.871403640723E+00
  1827    1.871998045761E+00
  1828    1.437197123904E+00
  1911    1.440266240794E+00
  1912    1.862329742147E+00
  1913    1.863001352222E+00
  1914    1.863716839939E+00
  1915    1.864369616054E+00
  1916    1.865007838818E+00
  1917    1.865685041399E+00
  1918    1.866361081810E+00
  1919    1.867032151703E+00
  1920    1.867744849900E+00
  1921    1.868370896061E+00
  1922    1.868922717064E+00
  1923    1.869590793689E+00
  1924    1.870200378565E+00
  1925    1.870822761036E+00
  1926    1.871452387038E+00
  1927    1.872126140914E+00
  1928    7.746369537463E-01
  2013    1.863117288136E+00
  2014    1.863819888641E+00
  2015    1.864523415894E+00
  2016    1.865110913212E+00
  2017    1.865848248972E+00
  2018    1.866411684228E+00
  2019    1.867157406445E+00
  2020    1.867773717061E+00
  2021    1.868425453750E+00
  2022    1.869057306130E+00
  2023    1.869701031080E+00
  2024    1.870309936229E+00
  2025    1.870975130546E+00
  2026    1.871599394316E+00
  2027    1.872230822672E+00
  2028    1.469322427773E-01
  2114    1.863878293719E+00
  2115    1.864548078198E+00
  2116    1.865232232830E+00
  2117    1.865922627750E+00
  2118    1.866558419550E+00
  2119    1.867259546405E+00
  2120    1.867875274102E+00
  2121    1.868541435005E+00
  2122    1.869195544449E+00
  2123    1.869808151010E+00
  2124    1.870435123759E+00
  2125    1.871054797096E+00
  2126    1.871699389704E+00
  2127    1.720165431679E+00
  2215    1.355657161000E+00
  2216    1.865367627792E+00
  2217    1.866062763207E+00
  2218    1.866697317200E+00
  2219    1.867347194283E+00
  2220    1.868041294431E+00
  2221    1.868663649367E+00
  2222    1.869368165742E+00
  2223    1.869946627941E+00
  2224    1.870582269980E+00
  2225    1.871200353137E+00
  2226    1.871854323645E+00
  2227    1.074912618146E+00
  2317    1.866104279489E+00
  2318    1.866832612414E+00
  2319    1.867483607822E+00
  2320    1.868124415655E+00
  2321    1.868775401975E+00
  2322    1.869408927898E+00
  2323    1.870086796384E+00
  2324    1.870747666630E+00
  2325    1.871355426134E+00
  2326    1.871977752839E+00
  2327    4.617593292235E-01
  2418    1.866927149150E+00
  2419    1.867554446554E+00
  2420    1.868246960419E+00
  2421    1.868908374642E+00
  2422    1.869553151582E+00
  2423    1.870251717463E+00
  2424    1.870877788445E+00
  2425    1.871487732089E+00
  2426    1.872133988034E+00
  2519    1.394655413626E+00
  2520    1.868359344211E+00
  2521    1.869069215704E+00
  2522    1.869673752891E+00
  2523    1.870343348640E+00
  2524    1.870997403165E+00
  2525    1.871634753361E+00
  2526    1.465220321287E+00
  2621    1.869172584175E+00
  2622    1.869836997588E+00
  2623    1.870474262036E+00
  2624    1.871123166432E+00
  2625    1.871783600872E+00
  2626    8.830145144234E-01
  2722    1.869981401313E+00
  2723    1.870597300619E+00
  2724    1.871266830668E+00
  2725    1.871905342362E+00
  2726    3.341339594133E-01
  2823    1.541920410286E+00
  2824    1.871398663635E+00
  2825    1.872035158896E+00
  2925    1.489099178782E+00
