  7401    6.783330942792E-01
  7402    6.779580607918E-01
  7403    6.775988989441E-01
  7501    6.624745997693E-01
  7502    6.622208970762E-01
  7503    6.620279899800E-01
  7504    6.616773945079E-01
  7505    6.615349433456E-01
  7601    6.453802516364E-01
  7602    6.452773209055E-01
  7603    6.450004201783E-01
  7604    6.446115653398E-01
  7605    6.446845572223E-01
  7606    6.442978176938E-01
  7607    6.441652451654E-01
  7701    6.269096179492E-01
  7702    6.268178524604E-01
  7703    6.266900863882E-01
  7704    6.265974439155E-01
  7705    6.265330767728E-01
  7706    6.262744092562E-01
  7707    6.261596438563E-01
  7708    6.260889475655E-01
  7709    6.258057835554E-01
  7710    6.256485155442E-01
  7801    6.070722848750E-01
  7802    6.071184273105E-01
  7803    6.071409848459E-01
  7804    6.068536131434E-01
  7805    6.067131802707E-01
  7806    6.067534153265E-01
  7807    6.068283785453E-01
  7808    6.065702053958E-01
  7809    6.064596751366E-01
  7810    6.065947924724E-01
  7811    6.063744150763E-01
  7812    6.062737205945E-01
  7901    5.857374830715E-01
  7902    5.858250358652E-01
  7903    5.857705562679E-01
  7904    5.858768372628E-01
  7905    5.857526189818E-01
  7906    5.857193979032E-01
  7907    5.858822484685E-01
  7908    5.857994289692E-01
  7909    5.857738705196E-01
  7910    5.856716668537E-01
  7911    5.857586930028E-01
  7912    5.856716007270E-01
  7913    5.857207313104E-01
  7914    5.856861194323E-01
  7915    5.857711898760E-01
  8001    5.629402121251E-01
  8002    5.631025366029E-01
  8003    5.631730824273E-01
  8004    5.633523722070E-01
  8005    5.634279276321E-01
  8006    5.635636936713E-01
  8007    5.634770325294E-01
  8008    5.635525426804E-01
  8009    5.636314564397E-01
  8010    5.636911771878E-01
  8011    5.637076149350E-01
  8012    5.636867246043E-01
  8013    5.638031182203E-01
  8014    5.638129317898E-01
  8015    5.639035959159E-01
  8016    5.638132860376E-01
  8017    5.638986442491E-01
  8101    5.387066365656E-01
  8102    5.389620709517E-01
  8103    5.391343062443E-01
  8104    5.392308004060E-01
  8105    5.392651652006E-01
  8106    5.395325463138E-01
  8107    5.397218057548E-01
  8108    5.399550117652E-01
  8109    5.398715628740E-01
  8110    5.400109015290E-01
  8111    5.399490336418E-01
  8112    5.404616413236E-01
  8113    5.404412647703E-01
  8114    5.403621507150E-01
  8115    5.405910474064E-01
  8116    5.405364851989E-01
  8117    5.407107894556E-01
  8118    5.406238404974E-01
  8119    5.408639608106E-01
  8201    5.128450701107E-01
  8202    5.130731937161E-01
  8203    5.134184421491E-01
  8204    5.135498964952E-01
  8205    5.136317039592E-01
  8206    5.140197620531E-01
  8207    5.142352584058E-01
  8208    5.144455724135E-01
  8209    5.147829711432E-01
  8210    5.148937771738E-01
  8211    5.151436132994E-01
  8212    5.153249309747E-01
  8213    5.154831756786E-01
  8214    5.153988172455E-01
  8215    5.158278912321E-01
  8216    5.160904995211E-01
  8217    5.160500253236E-01
  8218    5.162890237564E-01
  8219    5.164085274483E-01
  8220    5.165649017345E-01
  8221    5.166533266453E-01
  8222    5.168296932061E-01
  8301    4.856777428156E-01
  8302    4.858768934260E-01
  8303    4.859795421934E-01
  8304    4.863757998869E-01
  8305    4.867295606408E-01
  8306    4.869675290471E-01
  8307    4.873595906104E-01
  8308    4.878050604137E-01
  8309    4.878160321792E-01
  8310    4.881315572634E-01
  8311    4.883073260424E-01
  8312    4.886459125890E-01
  8313    4.890392933139E-01
  8314    4.891782760931E-01
  8315    4.895014537333E-01
  8316    4.896042958890E-01
  8317    4.897412069096E-01
  8318    4.899084732285E-01
  8319    4.902022340304E-01
  8320    4.903453411464E-01
  8321    4.905380590548E-01
  8322    4.907048392114E-01
  8323    4.909678113478E-01
  8324    4.910521556951E-01
  8401    4.566181610863E-01
  8402    4.568742352031E-01
  8403    4.573461191842E-01
  8404    4.578490741740E-01
  8405    4.580977547261E-01
  8406    4.587066723775E-01
  8407    4.588291235922E-01
  8408    4.593664205105E-01
  8409    4.595725406285E-01
  8410    4.597526548545E-01
  8411    4.601154110693E-01
  8412    4.605328043463E-01
  8413    4.605998797503E-01
  8414    4.610756536040E-01
  8415    4.614777513009E-01
  8416    4.617600007863E-01
  8417    4.620770913705E-01
  8418    4.619695352198E-01
  8419    4.623738581273E-01
  8420    4.626746213177E-01
  8421    4.629228927114E-01
  8422    4.634482379873E-01
  8423    4.635139010663E-01
  8424    4.636078383592E-01
  8425    4.635919550747E-01
  8426    4.642337442600E-01
  8501    4.262106107440E-01
  8502    4.268165608359E-01
  8503    4.273173852981E-01
  8504    4.275742468456E-01
  8505    4.280069728451E-01
  8506    4.284628968934E-01
  8507    4.288648327786E-01
  8508    4.292632633031E-01
  8509    4.295040333074E-01
  8510    4.299961032162E-01
  8511    4.304811023169E-01
  8512    4.308900969212E-01
  8513    4.311423701266E-01
  8514    4.315791259338E-01
  8515    4.318383393383E-01
  8516    4.321267470468E-01
  8517    4.325320498389E-01
  8518    4.329978383933E-01
  8519    4.331486247149E-01
  8520    4.335326696857E-01
  8521    4.339859218887E-01
  8522    4.342341826312E-01
  8523    4.344193152678E-01
  8524    4.346809196207E-01
  8525    4.351752077048E-01
  8526    4.354186752132E-01
  8527    4.356747599314E-01
  8528    4.359497136984E-01
  8529    4.359805082147E-01
  8601    3.945146076624E-01
  8602    3.950450763033E-01
  8603    3.955040576983E-01
  8604    3.962153604241E-01
  8605    3.965751845210E-01
  8606    3.970099682603E-01
  8607    3.975844314902E-01
  8608    3.979243681343E-01
  8609    3.983804983290E-01
  8610    3.988081814137E-01
  8611    3.992948597648E-01
  8612    3.994923602830E-01
  8613    3.998951495069E-01
  8614    4.006210336399E-01
  8615    4.007327041935E-01
  8616    4.012279448275E-01
  8617    4.017408152598E-01
  8618    4.022513236472E-01
  8619    4.025023187520E-01
  8620    4.026658680198E-01
  8621    4.031610453912E-01
  8622    4.036618614843E-01
  8623    4.039233265662E-01
  8624    4.043456843082E-01
  8625    4.046171195679E-01
  8626    4.049344338966E-01
  8627    4.053873847475E-01
  8628    4.055236901957E-01
  8629    4.057834537322E-01
  8630    4.061752298692E-01
  8631    4.065953679710E-01
  8701    3.615126166902E-01
  8702    3.620596402104E-01
  8703    3.626301917967E-01
  8704    3.631689490119E-01
  8705    3.635208492887E-01
  8706    3.642363625491E-01
  8707    3.647622628722E-01
  8708    3.653137447551E-01
  8709    3.658116230537E-01
  8710    3.662528474844E-01
  8711    3.667337322964E-01
  8712    3.673051840317E-01
  8713    3.677870003272E-01
  8714    3.681744852683E-01
  8715    3.688139376059E-01
  8716    3.689511948144E-01
  8717    3.695531341506E-01
  8718    3.699427622594E-01
  8719    3.701401416377E-01
  8720    3.708532095972E-01
  8721    3.709342812825E-01
  8722    3.714988159370E-01
  8723    3.718215281070E-01
  8724    3.722100049971E-01
  8725    3.728228624502E-01
  8726    3.731675605317E-01
  8727    3.734889264057E-01
  8728    3.740343619745E-01
  8729    3.741907025827E-01
  8730    3.746188524942E-01
  8731    3.749645373746E-01
  8732    3.754735552556E-01
  8733    3.756589813519E-01
  8734    3.760529556902E-01
  8801    3.275670914748E-01
  8802    3.278695230182E-01
  8803    3.284018318321E-01
  8804    3.289870991590E-01
  8805    3.295291131184E-01
  8806    3.302612330169E-01
  8807    3.308451887588E-01
  8808    3.312974582885E-01
  8809    3.319005709596E-01
  8810    3.324157791279E-01
  8811    3.329981424842E-01
  8812    3.334089673966E-01
  8813    3.338968576968E-01
  8814    3.342112772843E-01
  8815    3.349860054843E-01
  8816    3.354270269258E-01
  8817    3.358195179511E-01
  8818    3.365667703986E-01
  8819    3.368619774603E-01
  8820    3.373717464866E-01
  8821    3.378103704910E-01
  8822    3.381401220588E-01
  8823    3.384087386222E-01
  8824    3.390232650745E-01
  8825    3.395667014679E-01
  8826    3.400061049199E-01
  8827    3.403358032674E-01
  8828    3.406869322357E-01
  8829    3.413717654255E-01
  8830    3.413074127085E-01
  8831    3.416583496215E-01
  8832    3.424376608424E-01
  8833    3.424725480996E-01
  8834    3.431160161317E-01
  8835    3.433754639254E-01
  8836    3.437580640176E-01
  8901    2.919147362571E-01
  8902    2.924357237974E-01
  8903    2.930830464885E-01
  8904    2.938763956703E-01
  8905    2.943657644512E-01
  8906    2.949147882462E-01
  8907    2.956190998762E-01
  8908    2.961393830421E-01
  8909    2.967306609758E-01
  8910    2.973014324199E-01
  8911    2.978580994007E-01
  8912    2.984170218880E-01
  8913    2.987979075764E-01
  8914    2.992404080512E-01
  8915    2.999413931134E-01
  8916    3.005421484702E-01
  8917    3.010203763166E-01
  8918    3.015103470050E-01
  8919    3.020589818584E-01
  8920    3.026095197333E-01
  8921    3.030219879612E-01
  8922    3.036769930817E-01
  8923    3.041242418837E-01
  8924    3.043110348584E-01
  8925    3.048802396153E-01
  8926    3.052785345413E-01
  8927    3.058149432464E-01
  8928    3.061435593963E-01
  8929    3.067825647506E-01
  8930    3.069784779953E-01
  8931    3.075239976197E-01
  8932    3.079663758203E-01
  8933    3.080193594915E-01
  8934    3.086096097968E-01
  8935    3.091913154169E-01
  8936    3.097053493541E-01
  8937    3.099738394408E-01
  8938    3.104434252236E-01
  9001    2.556019773396E-01
  9002    2.563152964090E-01
  9003    2.568634686462E-01
  9004    2.576305282432E-01
  9005    2.581904737728E-01
  9006    2.588100171431E-01
  9007    2.594160960793E-01
  9008    2.599656681916E-01
  9009    2.609473798439E-01
  9010    2.609930709328E-01
  9011    2.617023787272E-01
  9012    2.622671462064E-01
  9013    2.628811427236E-01
  9014    2.634022889922E-01
  9015    2.636939346595E-01
  9016    2.646121032621E-01
  9017    2.650719769097E-01
  9018    2.655938800034E-01
  9019    2.660536683842E-01
  9020    2.665975982144E-01
  9021    2.670750719395E-01
  9022    2.676107390431E-01
  9023    2.680152854407E-01
  9024    2.687261464737E-01
  9025    2.690045473906E-01
  9026    2.696417984686E-01
  9027    2.701539646590E-01
  9028    2.704323375406E-01
  9029    2.709161680969E-01
  9030    2.714241153411E-01
  9031    2.719001661248E-01
  9032    2.722410931522E-01
  9033    2.728361610080E-01
  9034    2.731481754062E-01
  9035    2.734795461062E-01
  9036    2.739110029431E-01
  9037    2.744799701309E-01
  9038    2.747808637466E-01
  9039    2.751910987299E-01
  9040    2.756627743496E-01
  9041    2.760421852590E-01
  9101    2.181411852947E-01
  9102    2.189394938300E-01
  9103    2.196335648701E-01
  9104    2.204563921194E-01
  9105    2.210831994125E-01
  9106    2.216192460560E-01
  9107    2.222819839642E-01
  9108    2.228322149000E-01
  9109    2.232656029719E-01
  9110    2.238936920838E-01
  9111    2.245766158437E-01
  9112    2.251912886325E-01
  9113    2.257877602640E-01
  9114    2.264364865002E-01
  9115    2.268789954939E-01
  9116    2.275201398500E-01
  9117    2.280184844358E-01
  9118    2.286960200461E-01
  9119    2.291966412312E-01
  9120    2.295991379135E-01
  9121    2.302509475704E-01
  9122    2.307191727787E-01
  9123    2.314897032088E-01
  9124    2.318608753756E-01
  9125    2.322839471353E-01
  9126    2.327650790118E-01
  9127    2.333833407573E-01
  9128    2.337509429618E-01
  9129    2.339907193054E-01
  9130    2.348344145839E-01
  9131    2.351316304298E-01
  9132    2.356881803473E-01
  9133    2.359833239432E-01
  9134    2.363911971044E-01
  9135    2.369618208914E-01
  9136    2.373506717545E-01
  9137    2.377708585138E-01
  9138    2.381628379073E-01
  9139    2.386379443358E-01
  9140    2.392432127762E-01
  9141    2.395352124274E-01
  9142    2.400793936542E-01
  9143    2.400684480630E-01
  9201    1.804662516435E-01
  9202    1.811395253228E-01
  9203    1.817847453894E-01
  9204    1.823772327602E-01
  9205    1.830868569301E-01
  9206    1.837135938332E-01
  9207    1.844101105165E-01
  9208    1.848200683582E-01
  9209    1.857301767747E-01
  9210    1.860265218924E-01
  9211    1.868660261557E-01
  9212    1.871220665089E-01
  9213    1.878150314159E-01
  9214    1.884537820246E-01
  9215    1.890916413513E-01
  9216    1.896566156366E-01
  9217    1.901976881786E-01
  9218    1.907028078605E-01
  9219    1.911890714523E-01
  9220    1.919243063819E-01
  9221    1.924192855102E-01
  9222    1.928830437954E-01
  9223    1.933532900486E-01
  9224    1.939613390940E-01
  9225    1.943860092462E-01
  9226    1.949271483099E-01
  9227    1.954220729943E-01
  9228    1.959145775532E-01
  9229    1.964896813227E-01
  9230    1.968860482386E-01
  9231    1.971779310713E-01
  9232    1.977581667390E-01
  9233    1.983751857727E-01
  9234    1.988703466255E-01
  9235    1.991137261831E-01
  9236    1.996504574335E-01
  9237    1.999798922243E-01
  9238    2.007192525830E-01
  9239    2.008986491000E-01
  9240    2.012488259011E-01
  9241    2.018044313607E-01
  9242    2.020848380584E-01
  9243    2.026100495567E-01
  9244    2.032516754917E-01
  9245    2.033939090962E-01
  9246    2.037490294582E-01
  9301    1.418450278830E-01
  9302    1.426173618986E-01
  9303    1.431506205612E-01
  9304    1.440098527818E-01
  9305    1.446194230750E-01
  9306    1.451510170703E-01
  9307    1.458608747770E-01
  9308    1.466508999074E-01
  9309    1.469969613608E-01
  9310    1.476123719535E-01
  9311    1.482624486092E-01
  9312    1.487885571855E-01
  9313    1.493556697400E-01
  9314    1.501364072946E-01
  9315    1.504785277542E-01
  9316    1.509431306054E-01
  9317    1.518187030718E-01
  9318    1.525220960775E-01
  9319    1.526916265152E-01
  9320    1.533602185032E-01
  9321    1.538344032359E-01
  9322    1.542677884451E-01
  9323    1.547364605921E-01
  9324    1.553452119204E-01
  9325    1.559734714763E-01
  9326    1.560472157169E-01
  9327    1.567688220277E-01
  9328    1.573565339121E-01
  9329    1.576831875201E-01
  9330    1.580498533334E-01
  9331    1.587012270874E-01
  9332    1.591996094498E-01
  9333    1.596322049667E-01
  9334    1.600829022771E-01
  9335    1.604563016302E-01
  9336    1.611187081201E-01
  9337    1.614793060510E-01
  9338    1.616125527913E-01
  9339    1.624027555890E-01
  9340    1.626922024464E-01
  9341    1.630379659155E-01
  9342    1.636015354379E-01
  9343    1.640048901777E-01
  9344    1.640780895600E-01
  9345    1.648834782251E-01
  9346    1.651523684022E-01
  9347    1.654895958315E-01
  9348    1.658822550901E-01
  9401    1.029507615771E-01
  9402    1.037185158438E-01
  9403    1.043477590842E-01
  9404    1.047326977551E-01
  9405    1.057378783035E-01
  9406    1.061186818143E-01
  9407    1.066653858155E-01
  9408    1.073024424198E-01
  9409    1.077470734322E-01
  9410    1.082679694578E-01
  9411    1.090206725717E-01
  9412    1.097501544088E-01
  9413    1.103194273282E-01
  9414    1.108240534227E-01
  9415    1.113681715931E-01
  9416    1.117366401090E-01
  9417    1.125594905998E-01
  9418    1.129953266630E-01
  9419    1.134451426429E-01
  9420    1.138443887787E-01
  9421    1.145269139816E-01
  9422    1.149806663325E-01
  9423    1.157101264896E-01
  9424    1.161371922102E-01
  9425    1.165378280455E-01
  9426    1.169357641247E-01
  9427    1.175091372131E-01
  9428    1.179540645710E-01
  9429    1.185538097702E-01
  9430    1.187942485689E-01
  9431    1.192897159640E-01
  9432    1.198290266341E-01
  9433    1.201842600615E-01
  9434    1.206709685430E-01
  9435    1.212568911985E-01
  9436    1.216541115758E-01
  9437    1.219638897610E-01
  9438    1.222764990205E-01
  9439    1.227799551201E-01
  9440    1.231211972484E-01
  9441    1.236115386900E-01
  9442    1.240250849431E-01
  9443    1.243775521994E-01
  9444    1.248597472085E-01
  9445    1.252548691591E-01
  9446    1.254566127456E-01
  9447    1.260390177589E-01
  9448    1.263744420777E-01
  9449    1.267973878490E-01
  9450    1.270979483016E-01
  9501    6.375673597206E-02
  9502    6.437617916512E-02
  9503    6.484093892770E-02
  9504    6.556777487520E-02
  9505    6.604123618007E-02
  9506    6.676040814608E-02
  9507    6.724524709407E-02
  9508    6.786889014609E-02
  9509    6.833829637678E-02
  9510    6.902434261197E-02
  9511    6.960698681945E-02
  9512    7.022963562874E-02
  9513    7.063537143073E-02
  9514    7.138983630472E-02
  9515    7.175443455319E-02
  9516    7.213790251383E-02
  9517    7.274323724911E-02
  9518    7.326736571499E-02
  9519    7.365607308792E-02
  9520    7.423669826283E-02
  9521    7.475694114008E-02
  9522    7.519257856842E-02
  9523    7.537415055460E-02
  9524    7.597151076967E-02
  9525    7.660075001935E-02
  9526    7.708801869583E-02
  9527    7.785038476661E-02
  9528    7.801575450918E-02
  9529    7.832049737909E-02
  9530    7.889498379913E-02
  9531    7.931355873912E-02
  9532    7.983437910950E-02
  9533    8.022133336838E-02
  9534    8.068475688477E-02
  9535    8.123679177656E-02
  9536    8.151743015290E-02
  9537    8.208492470985E-02
  9538    8.228449351034E-02
  9539    8.273467931528E-02
  9540    8.304714103831E-02
  9541    8.347108889944E-02
  9542    8.379855608261E-02
  9543    8.430207174503E-02
  9544    8.466527438884E-02
  9545    8.519828290231E-02
  9546    8.528767433616E-02
  9547    8.588059550236E-02
  9548    8.616376929923E-02
  9549    8.647215931595E-02
  9550    8.655034840775E-02
  9551    8.699211665916E-02
  9552    8.751234275056E-02
  9553    8.758597988713E-02
  9601    2.415812088892E-02
  9602    2.472003685363E-02
  9603    2.530720418196E-02
  9604    2.562154776814E-02
  9605    2.626379617415E-02
  9606    2.688518452461E-02
  9607    2.753609992565E-02
  9608    2.810621646098E-02
  9609    2.851995682552E-02
  9610    2.917940988275E-02
  9611    2.972595177775E-02
  9612    3.001402117445E-02
  9613    3.077490880525E-02
  9614    3.113340477598E-02
  9615    3.157724090649E-02
  9616    3.214710294384E-02
  9617    3.281675301542E-02
  9618    3.315088109016E-02
  9619    3.366554830829E-02
  9620    3.396473971774E-02
  9621    3.454797345997E-02
  9622    3.524206904873E-02
  9623    3.545358817773E-02
  9624    3.587710256906E-02
  9625    3.624607813232E-02
  9626    3.684063260053E-02
  9627    3.725243944764E-02
  9628    3.757023799184E-02
  9629    3.762273432801E-02
  9630    3.851067930808E-02
  9631    3.885017238166E-02
  9632    3.929232321928E-02
  9633    3.970081691787E-02
  9634    4.012715010727E-02
  9635    4.043495471104E-02
  9636    4.082844155530E-02
  9637    4.121479847586E-02
  9638    4.150879161514E-02
  9639    4.205282847690E-02
  9640    4.219663813828E-02
  9641    4.272394652486E-02
  9642    4.298550236215E-02
  9643    4.329827367330E-02
  9644    4.367112434814E-02
  9645    4.413026254797E-02
  9646    4.452942253944E-02
  9647    4.477434045338E-02
  9648    4.502575784092E-02
  9649    4.537004113636E-02
  9650    4.559677775365E-02
  9651    4.619207782961E-02
  9652    4.638838394567E-02
  9653    4.679153355561E-02
  9654    4.702713337018E-02
  9655    4.741982663493E-02
  9737    8.662993878024E-05
  9738    6.464474973364E-04
  9739    7.387341669502E-04
  9740    1.196665550569E-03
  9741    1.341379040363E-03
  9742    1.811631834432E-03
  9743    2.146150237979E-03
  9744    2.442506596905E-03
  9745    2.756636706450E-03
  9746    3.148804582719E-03
  9747    3.371749330731E-03
  9748    3.682352058545E-03
  9749    4.157975376275E-03
  9750    4.356720972497E-03
  9751    4.660600371650E-03
  9752    5.232634061240E-03
  9753    5.216007653984E-03
  9754    5.350609118104E-03
  9755    5.752604696428E-03
  9756    6.032745690725E-03
  9757    6.309116071870E-03
