     1    6.570936203720E-01
     2    6.563206890616E-01
     3    6.555481736701E-01
     4    6.547760801730E-01
     5    6.540044145549E-01
     6    6.532331828080E-01
     7    6.524623909323E-01
     8    6.516920449344E-01
     9    6.509221508272E-01
    10    6.501527146291E-01
    11    6.493837423635E-01
    12    6.486152400582E-01
    13    6.478472137447E-01
    14    6.470796694575E-01
    15    6.463126132337E-01
    16    6.455460511122E-01
    17    6.447799891330E-01
    18    6.440144333368E-01
    19    6.432493897644E-01
    20    6.424848644555E-01
    21    6.417208634490E-01
    22    6.409573927814E-01
    23    6.401944584871E-01
    24    6.394320665969E-01
    25    6.386702231379E-01
    26    6.379089341328E-01
    27    6.371482055992E-01
    28    6.363880435490E-01
    29    6.356284539876E-01
    30    6.348694429136E-01
    31    6.341110163178E-01
    32    6.333531801831E-01
    33    6.325959404832E-01
    34    6.318393031825E-01
    35    6.310832742354E-01
   101    6.612954287555E-01
   102    6.605293929452E-01
   103    6.597637506813E-01
   104    6.589985076603E-01
   105    6.582336695885E-01
   106    6.574692421819E-01
   107    6.567052311651E-01
   108    6.559416422710E-01
   109    6.551784812403E-01
   110    6.544157538208E-01
   111    6.536534657669E-01
   112    6.528916228388E-01
   113    6.521302308022E-01
   114    6.513692954279E-01
   115    6.506088224904E-01
   116    6.498488177685E-01
   117    6.490892870435E-01
   118    6.483302360995E-01
   119    6.475716707225E-01
   120    6.468135966998E-01
   121    6.460560198194E-01
   122    6.452989458694E-01
   123    6.445423806375E-01
   124    6.437863299104E-01
   125    6.430307994732E-01
   126    6.422757951087E-01
   127    6.415213225969E-01
   128    6.407673877144E-01
   129    6.400139962340E-01
   130    6.392611539235E-01
   131    6.385088665461E-01
   132    6.377571398587E-01
   133    6.370059796123E-01
   134    6.362553915506E-01
   201    6.654115098999E-01
   202    6.646522195549E-01
   203    6.638933021224E-01
   204    6.631347630322E-01
   205    6.623766077250E-01
   206    6.616188416520E-01
   207    6.608614702745E-01
   208    6.601044990635E-01
   209    6.593479334986E-01
   210    6.585917790680E-01
   211    6.578360412679E-01
   212    6.570807256017E-01
   213    6.563258375798E-01
   214    6.555713827188E-01
   215    6.548173665412E-01
   216    6.540637945745E-01
   217    6.533106723512E-01
   218    6.525580054076E-01
   219    6.518057992838E-01
   220    6.510540595229E-01
   221    6.503027916705E-01
   222    6.495520012742E-01
   223    6.488016938830E-01
   224    6.480518750465E-01
   225    6.473025503151E-01
   226    6.465537252384E-01
   227    6.458054053655E-01
   228    6.450575962442E-01
   229    6.443103034202E-01
   230    6.435635324369E-01
   231    6.428172888345E-01
   232    6.420715781498E-01
   233    6.413264059154E-01
   234    6.405817776592E-01
   301    6.694454608166E-01
   302    6.686927732614E-01
   303    6.679404396689E-01
   304    6.671884652146E-01
   305    6.664368550862E-01
   306    6.656856144829E-01
   307    6.649347486147E-01
   308    6.641842627023E-01
   309    6.634341619761E-01
   310    6.626844516763E-01
   311    6.619348789084E-01
   312    6.611859594005E-01
   313    6.604374459999E-01
   314    6.596893439792E-01
   315    6.589416586184E-01
   316    6.581943952039E-01
   317    6.574475590281E-01
   318    6.567011553891E-01
   319    6.559551895900E-01
   320    6.552096669384E-01
   321    6.544645927459E-01
   322    6.537199723277E-01
   323    6.529758110019E-01
   324    6.522321140892E-01
   325    6.514888869123E-01
   326    6.507461347951E-01
   327    6.500038630628E-01
   328    6.492620770408E-01
   329    6.485207820544E-01
   330    6.477799834284E-01
   331    6.470396864865E-01
   332    6.462998965506E-01
   333    6.455606189405E-01
   401    6.734000393370E-01
   402    6.726538037954E-01
   403    6.719079046354E-01
   404    6.711623467900E-01
   405    6.704171352046E-01
   406    6.696722748371E-01
   407    6.689277706571E-01
   408    6.681836276455E-01
   409    6.674398507941E-01
   410    6.666964451050E-01
   411    6.659534155906E-01
   412    6.652107672724E-01
   413    6.644685051815E-01
   414    6.637266343570E-01
   415    6.629851598466E-01
   416    6.622440867055E-01
   417    6.615034199960E-01
   418    6.607631647875E-01
   419    6.600233261552E-01
   420    6.592839091804E-01
   421    6.585449189497E-01
   422    6.578060959481E-01
   423    6.570679688213E-01
   424    6.563302836431E-01
   425    6.555930455162E-01
   426    6.548562595464E-01
   427    6.541199308419E-01
   428    6.533840645128E-01
   429    6.526486656710E-01
   430    6.519137394291E-01
   431    6.511792909003E-01
   432    6.504453251980E-01
   433    6.497118474350E-01
   501    6.772785362439E-01
   502    6.765386107728E-01
   503    6.757990054546E-01
   504    6.750597249910E-01
   505    6.743207740967E-01
   506    6.735821574991E-01
   507    6.728438799384E-01
   508    6.721059461665E-01
   509    6.713683609472E-01
   510    6.706311290551E-01
   511    6.698942552759E-01
   512    6.691577444056E-01
   513    6.684216012499E-01
   514    6.676858306243E-01
   515    6.669504373532E-01
   516    6.662154262695E-01
   517    6.654808022147E-01
   518    6.647465700377E-01
   519    6.640127345949E-01
   520    6.632793007494E-01
   521    6.625462733711E-01
   522    6.618136573355E-01
   523    6.610814575241E-01
   524    6.603496788231E-01
   525    6.596183261235E-01
   526    6.588874043207E-01
   527    6.581569183137E-01
   528    6.574268730049E-01
   529    6.566972732994E-01
   530    6.559681241048E-01
   531    6.552394303309E-01
   532    6.545109329253E-01
   533    6.537831593264E-01
   601    6.810838263208E-01
   602    6.803500719199E-01
   603    6.796166226872E-01
   604    6.788834831039E-01
   605    6.781506576647E-01
   606    6.774181508776E-01
   607    6.766859672637E-01
   608    6.759541113566E-01
   609    6.752225877021E-01
   610    6.744914008577E-01
   611    6.737605553925E-01
   612    6.730300558866E-01
   613    6.722999069304E-01
   614    6.715701131250E-01
   615    6.708406790810E-01
   616    6.701116094188E-01
   617    6.693829087673E-01
   618    6.686545817646E-01
   619    6.679266330566E-01
   620    6.671990672973E-01
   621    6.664718891480E-01
   622    6.657451032769E-01
   623    6.650187143589E-01
   624    6.642927270752E-01
   625    6.635671461125E-01
   626    6.628419761629E-01
   627    6.621172219235E-01
   628    6.613928880958E-01
   629    6.606689793856E-01
   630    6.599455005020E-01
   631    6.592224561575E-01
   632    6.584998510674E-01
   701    6.848186345135E-01
   702    6.840909152278E-01
   703    6.833634872703E-01
   704    6.826363549120E-01
   705    6.819095224381E-01
   706    6.811829941477E-01
   707    6.804567743528E-01
   708    6.797308673789E-01
   709    6.790052775637E-01
   710    6.782800092574E-01
   711    6.775550668223E-01
   712    6.768304546320E-01
   713    6.761061770715E-01
   714    6.753822385364E-01
   715    6.746586434330E-01
   716    6.739353961777E-01
   717    6.732125011966E-01
   718    6.724899629251E-01
   719    6.717677858076E-01
   720    6.710459742971E-01
   721    6.703245328550E-01
   722    6.696034659502E-01
   723    6.688827780593E-01
   724    6.681624736660E-01
   725    6.674425572605E-01
   726    6.667230333395E-01
   727    6.660039064053E-01
   728    6.652851809661E-01
   729    6.645668615350E-01
   730    6.638489526297E-01
   731    6.631314587724E-01
   732    6.624143844893E-01
   801    6.884855454309E-01
   802    6.877637284217E-01
   803    6.870421899541E-01
   804    6.863209340994E-01
   805    6.855999649432E-01
   806    6.848792865852E-01
   807    6.841589031387E-01
   808    6.834388187302E-01
   809    6.827190374995E-01
   810    6.819995635987E-01
   811    6.812804011927E-01
   812    6.805615544579E-01
   813    6.798430275828E-01
   814    6.791248247670E-01
   815    6.784069502212E-01
   816    6.776894081668E-01
   817    6.769722028354E-01
   818    6.762553384685E-01
   819    6.755388193174E-01
   820    6.748226496426E-01
   821    6.741068337133E-01
   822    6.733913758077E-01
   823    6.726762802118E-01
   824    6.719615512194E-01
   825    6.712471931322E-01
   826    6.705332102586E-01
   827    6.698196069138E-01
   828    6.691063874196E-01
   829    6.683935561037E-01
   830    6.676811172993E-01
   831    6.669690753450E-01
   901    6.920870121680E-01
   902    6.913709677565E-01
   903    6.906551900704E-01
   904    6.899396829906E-01
   905    6.892244504131E-01
   906    6.885094962475E-01
   907    6.877948244176E-01
   908    6.870804388608E-01
   909    6.863663435275E-01
   910    6.856525423813E-01
   911    6.849390393985E-01
   912    6.842258385675E-01
   913    6.835129438890E-01
   914    6.828003593754E-01
   915    6.820880890503E-01
   916    6.813761369486E-01
   917    6.806645071160E-01
   918    6.799532036085E-01
   919    6.792422304923E-01
   920    6.785315918435E-01
   921    6.778212917475E-01
   922    6.771113342990E-01
   923    6.764017236015E-01
   924    6.756924637668E-01
   925    6.749835589149E-01
   926    6.742750131739E-01
   927    6.735668306790E-01
   928    6.728590155727E-01
   929    6.721515720042E-01
   930    6.714445041293E-01
   931    6.707378161095E-01
  1001    6.956253645006E-01
  1002    6.949149661892E-01
  1003    6.942048236808E-01
  1004    6.934949406755E-01
  1005    6.927853208883E-01
  1006    6.920759680483E-01
  1007    6.913668858987E-01
  1008    6.906580781962E-01
  1009    6.899495487114E-01
  1010    6.892413012277E-01
  1011    6.885333395415E-01
  1012    6.878256674620E-01
  1013    6.871182888105E-01
  1014    6.864112074204E-01
  1015    6.857044271370E-01
  1016    6.849979518167E-01
  1017    6.842917853274E-01
  1018    6.835859315477E-01
  1019    6.828803943668E-01
  1020    6.821751776840E-01
  1021    6.814702854088E-01
  1022    6.807657214602E-01
  1023    6.800614897664E-01
  1024    6.793575942648E-01
  1025    6.786540389015E-01
  1026    6.779508276309E-01
  1027    6.772479644155E-01
  1028    6.765454532255E-01
  1029    6.758432980388E-01
  1030    6.751415028400E-01
  1031    6.744400716209E-01
  1101    6.991028164997E-01
  1102    6.983979409740E-01
  1103    6.976933111530E-01
  1104    6.969889305647E-01
  1105    6.962848027519E-01
  1106    6.955809312716E-01
  1107    6.948773196951E-01
  1108    6.941739716073E-01
  1109    6.934708906068E-01
  1110    6.927680803057E-01
  1111    6.920655443288E-01
  1112    6.913632863140E-01
  1113    6.906613099116E-01
  1114    6.899596187842E-01
  1115    6.892582166064E-01
  1116    6.885571070646E-01
  1117    6.878562938565E-01
  1118    6.871557806910E-01
  1119    6.864555712880E-01
  1120    6.857556693780E-01
  1121    6.850560787015E-01
  1122    6.843568030095E-01
  1123    6.836578460625E-01
  1124    6.829592116305E-01
  1125    6.822609034927E-01
  1126    6.815629254372E-01
  1127    6.808652812605E-01
  1128    6.801679747676E-01
  1129    6.794710097714E-01
  1130    6.787743900926E-01
  1202    7.018220007243E-01
  1203    7.011227642061E-01
  1204    7.004237674185E-01
  1205    6.997250137403E-01
  1206    6.990265065648E-01
  1207    6.983282492994E-01
  1208    6.976302453654E-01
  1209    6.969324981977E-01
  1210    6.962350112446E-01
  1211    6.955377879678E-01
  1212    6.948408318415E-01
  1213    6.941441463531E-01
  1214    6.934477350019E-01
  1215    6.927516012998E-01
  1216    6.920557487704E-01
  1217    6.913601809490E-01
  1218    6.906649013824E-01
  1219    6.899699136285E-01
  1220    6.892752212561E-01
  1221    6.885808278446E-01
  1222    6.878867369837E-01
  1223    6.871929522733E-01
  1224    6.864994773232E-01
  1225    6.858063157525E-01
  1226    6.851134711899E-01
  1227    6.844209472728E-01
  1228    6.837287476475E-01
  1229    6.830368759688E-01
  1230    6.823453358995E-01
  1303    7.044951924660E-01
  1304    7.038014638880E-01
  1305    7.031079694703E-01
  1306    7.024147124503E-01
  1307    7.017216960793E-01
  1308    7.010289236227E-01
  1309    7.003363983594E-01
  1310    6.996441235818E-01
  1311    6.989521025957E-01
  1312    6.982603387196E-01
  1313    6.975688352850E-01
  1314    6.968775956359E-01
  1315    6.961866231283E-01
  1316    6.954959211308E-01
  1317    6.948054930235E-01
  1318    6.941153421981E-01
  1319    6.934254720577E-01
  1320    6.927358860165E-01
  1321    6.920465874996E-01
  1322    6.913575799427E-01
  1323    6.906688667919E-01
  1324    6.899804515033E-01
  1325    6.892923375429E-01
  1326    6.886045283865E-01
  1327    6.879170275189E-01
  1328    6.872298384344E-01
  1329    6.865429646359E-01
  1330    6.858564096349E-01
  1404    7.071239366047E-01
  1405    7.064355895165E-01
  1406    7.057474713905E-01
  1407    7.050595853297E-01
  1408    7.043719344506E-01
  1409    7.036845218838E-01
  1410    7.029973507729E-01
  1411    7.023104242751E-01
  1412    7.016237455603E-01
  1413    7.009373178115E-01
  1414    7.002511442241E-01
  1415    6.995652280059E-01
  1416    6.988795723770E-01
  1417    6.981941805693E-01
  1418    6.975090558265E-01
  1419    6.968242014037E-01
  1420    6.961396205674E-01
  1421    6.954553165949E-01
  1422    6.947712927747E-01
  1423    6.940875524056E-01
  1424    6.934040987967E-01
  1425    6.927209352674E-01
  1426    6.920380651469E-01
  1427    6.913554917740E-01
  1428    6.906732184969E-01
  1429    6.899912486730E-01
  1506    7.090266154402E-01
  1507    7.083437519140E-01
  1508    7.076611154702E-01
  1509    7.069787090975E-01
  1510    7.062965357981E-01
  1511    7.056145985874E-01
  1512    7.049329004935E-01
  1513    7.042514445579E-01
  1514    7.035702338341E-01
  1515    7.028892713884E-01
  1516    7.022085602992E-01
  1517    7.015281036568E-01
  1518    7.008479045636E-01
  1519    7.001679661331E-01
  1520    6.994882914907E-01
  1521    6.988088837726E-01
  1522    6.981297461262E-01
  1523    6.974508817094E-01
  1524    6.967722936907E-01
  1525    6.960939852491E-01
  1526    6.954159595735E-01
  1527    6.947382198625E-01
  1528    6.940607693247E-01
  1529    6.933836111778E-01
  1607    7.115759455243E-01
  1608    7.108982191023E-01
  1609    7.102207151030E-01
  1610    7.095434363935E-01
  1611    7.088663858538E-01
  1612    7.081895663774E-01
  1613    7.075129808700E-01
  1614    7.068366322503E-01
  1615    7.061605234493E-01
  1616    7.054846574101E-01
  1617    7.048090370880E-01
  1618    7.041336654500E-01
  1619    7.034585454748E-01
  1620    7.027836801526E-01
  1621    7.021090724847E-01
  1622    7.014347254835E-01
  1623    7.007606421725E-01
  1624    7.000868255854E-01
  1625    6.994132787667E-01
  1626    6.987400047709E-01
  1627    6.980670066628E-01
  1628    6.973942875168E-01
  1629    6.967218504169E-01
  1709    7.134122146703E-01
  1710    7.127397299339E-01
  1711    7.120674660101E-01
  1712    7.113954256632E-01
  1713    7.107236116701E-01
  1714    7.100520268204E-01
  1715    7.093806739160E-01
  1716    7.087095557710E-01
  1717    7.080386752116E-01
  1718    7.073680350756E-01
  1719    7.066976382128E-01
  1720    7.060274874841E-01
  1721    7.053575857620E-01
  1722    7.046879359300E-01
  1723    7.040185408825E-01
  1724    7.033494035246E-01
  1725    7.026805267720E-01
  1726    7.020119135507E-01
  1727    7.013435667969E-01
  1728    7.006754894568E-01
  1810    7.158870179941E-01
  1811    7.152194431595E-01
  1812    7.145520849418E-01
  1813    7.138849459949E-01
  1814    7.132180289852E-01
  1815    7.125513365914E-01
  1816    7.118848715043E-01
  1817    7.112186364269E-01
  1818    7.105526340736E-01
  1819    7.098868671708E-01
  1820    7.092213384563E-01
  1821    7.085560506791E-01
  1822    7.078910065994E-01
  1823    7.072262089884E-01
  1824    7.065616606279E-01
  1825    7.058973643104E-01
  1826    7.052333228390E-01
  1827    7.045695390268E-01
  1828    7.039060156970E-01
  1911    7.183238498283E-01
  1912    7.176610791926E-01
  1913    7.169985212384E-01
  1914    7.163361785148E-01
  1915    7.156740535826E-01
  1916    7.150121490152E-01
  1917    7.143504673976E-01
  1918    7.136890113266E-01
  1919    7.130277834106E-01
  1920    7.123667862696E-01
  1921    7.117060225345E-01
  1922    7.110454948479E-01
  1923    7.103852058628E-01
  1924    7.097251582433E-01
  1925    7.090653546640E-01
  1926    7.084057978102E-01
  1927    7.077464903771E-01
  1928    7.070874350704E-01
  2013    7.200658071199E-01
  2014    7.194079474708E-01
  2015    7.187502992581E-01
  2016    7.180928649425E-01
  2017    7.174356469966E-01
  2018    7.167786479046E-01
  2019    7.161218701625E-01
  2020    7.154653162772E-01
  2021    7.148089887674E-01
  2022    7.141528901625E-01
  2023    7.134970230030E-01
  2024    7.128413898401E-01
  2025    7.121859932356E-01
  2026    7.115308357620E-01
  2027    7.108759200020E-01
  2028    7.102212485482E-01
  2114    7.224347439157E-01
  2115    7.217814839513E-01
  2116    7.211284318574E-01
  2117    7.204755899991E-01
  2118    7.198229607533E-01
  2119    7.191705465079E-01
  2120    7.185183496626E-01
  2121    7.178663726279E-01
  2122    7.172146178256E-01
  2123    7.165630876882E-01
  2124    7.159117846591E-01
  2125    7.152607111922E-01
  2126    7.146098697520E-01
  2127    7.139592628130E-01
  2215    7.247689574297E-01
  2216    7.241202017285E-01
  2217    7.234716505438E-01
  2218    7.228233061495E-01
  2219    7.221751708310E-01
  2220    7.215272468847E-01
  2221    7.208795366182E-01
  2222    7.202320423501E-01
  2223    7.195847664097E-01
  2224    7.189377111371E-01
  2225    7.182908788830E-01
  2226    7.176442720085E-01
  2227    7.169978928848E-01
  2317    7.264251253755E-01
  2318    7.257809829418E-01
  2319    7.251370440541E-01
  2320    7.244933109104E-01
  2321    7.238497857200E-01
  2322    7.232064707025E-01
  2323    7.225633680887E-01
  2324    7.219204801198E-01
  2325    7.212778090477E-01
  2326    7.206353571344E-01
  2327    7.199931266523E-01
  2418    7.286972355880E-01
  2419    7.280574126730E-01
  2420    7.274177902464E-01
  2421    7.267783704228E-01
  2422    7.261391553279E-01
  2423    7.255001470977E-01
  2424    7.248613478790E-01
  2425    7.242227598289E-01
  2426    7.235843851149E-01
  2519    7.309374716059E-01
  2520    7.303018817844E-01
  2521    7.296664895672E-01
  2522    7.290312969894E-01
  2523    7.283963060968E-01
  2524    7.277615189456E-01
  2525    7.271269376022E-01
  2526    7.264925641434E-01
  2621    7.325152930147E-01
  2622    7.318840474365E-01
  2623    7.312529986991E-01
  2624    7.306221487720E-01
  2625    7.299914996351E-01
  2626    7.293610532781E-01
  2722    7.346985119108E-01
  2723    7.340713319749E-01
  2724    7.334443462349E-01
  2725    7.328175565876E-01
  2726    7.321909649397E-01
  2823    7.368523688075E-01
  2824    7.362291759884E-01
  2825    7.356061748637E-01
  2925    7.383583788240E-01
