    89    2.655948929086E+00
    90    2.655845086231E+00
    91    2.655726034936E+00
    92    2.655609129327E+00
    93    2.655501267071E+00
    94    2.655380634789E+00
    95    2.655262609919E+00
    96    2.655143835900E+00
    97    2.655023913527E+00
    98    2.654902673212E+00
    99    2.654770603090E+00
   100    2.654650412791E+00
   191    2.656106623718E+00
   192    2.655996403574E+00
   193    2.655881088423E+00
   194    2.655765822871E+00
   195    2.655656285171E+00
   196    2.655527309516E+00
   197    2.655410355298E+00
   198    2.655287552821E+00
   199    2.655175642232E+00
   200    2.655044187910E+00
   293    2.656262166861E+00
   294    2.656145788314E+00
   295    2.656031309391E+00
   296    2.655918269567E+00
   297    2.655800827699E+00
   298    2.655677060880E+00
   299    2.655559154683E+00
   300    2.655440103157E+00
   395    2.656420212988E+00
   396    2.656301350658E+00
   397    2.656180446179E+00
   398    2.656065767241E+00
   399    2.655947580365E+00
   400    2.655558426591E+00
   498    2.656451603386E+00
   499    2.656071303069E+00
   500    2.655661136186E+00
