    30    2.647704896562E+00
    31    2.648511401004E+00
    32    2.649381069573E+00
    33    2.650279678171E+00
    34    2.651224720542E+00
    35    2.651861689860E+00
    36    2.652532928941E+00
    37    2.653519967517E+00
    38    2.654522589798E+00
    39    2.655539704465E+00
    40    2.656589055298E+00
    41    2.657615655515E+00
    42    2.658684158920E+00
    43    2.659755558178E+00
    44    2.660041354832E+00
    45    2.659967229018E+00
    46    2.659897481801E+00
    47    2.659820863350E+00
    48    2.659746069443E+00
    49    2.659668580148E+00
    50    2.659601169858E+00
    51    2.659511530899E+00
    52    2.659435518252E+00
    53    2.659359099023E+00
    54    2.659269503491E+00
    55    2.659202969578E+00
    56    2.659112659205E+00
    57    2.659032902746E+00
    58    2.658952061397E+00
    59    2.658873152651E+00
    60    2.658780771735E+00
    61    2.658695498553E+00
    62    2.658608946478E+00
    63    2.658507778167E+00
    64    2.658435722979E+00
    65    2.658344400278E+00
    66    2.658257035763E+00
    67    2.658166126418E+00
    68    2.658076011773E+00
    69    2.657981379563E+00
    70    2.657892205615E+00
    71    2.657814305707E+00
    72    2.657701920291E+00
    73    2.657604539822E+00
    74    2.657507777436E+00
    75    2.657414573736E+00
    76    2.657313760255E+00
    77    2.657209479521E+00
    78    2.657115510612E+00
    79    2.657018635223E+00
    80    2.656910969008E+00
    81    2.656803780472E+00
    82    2.656704689647E+00
    83    2.656599071656E+00
    84    2.656494868129E+00
    85    2.656387513078E+00
    86    2.656276498977E+00
    87    2.656168451164E+00
    88    2.656058740943E+00
   133    2.648205705957E+00
   134    2.648956627755E+00
   135    2.649373330088E+00
   136    2.650236414836E+00
   137    2.651138072751E+00
   138    2.652058248159E+00
   139    2.653030178556E+00
   140    2.654021054082E+00
   141    2.655033336530E+00
   142    2.656053722446E+00
   143    2.657098038994E+00
   144    2.658150671167E+00
   145    2.659212292450E+00
   146    2.660239087773E+00
   147    2.660164523226E+00
   148    2.660088590273E+00
   149    2.660017051523E+00
   150    2.659940906895E+00
   151    2.659855229024E+00
   152    2.659788037014E+00
   153    2.659710816989E+00
   154    2.659625637255E+00
   155    2.659547175998E+00
   156    2.659460370478E+00
   157    2.659384366550E+00
   158    2.659311223843E+00
   159    2.659225542916E+00
   160    2.659136852847E+00
   161    2.659054482944E+00
   162    2.658967851840E+00
   163    2.658888093206E+00
   164    2.658795961860E+00
   165    2.658709708753E+00
   166    2.658622921910E+00
   167    2.658539714947E+00
   168    2.658435381239E+00
   169    2.658347755020E+00
   170    2.658256552506E+00
   171    2.658162536953E+00
   172    2.658069064144E+00
   173    2.657973430892E+00
   174    2.657881991687E+00
   175    2.657777085715E+00
   176    2.657683474391E+00
   177    2.657592701787E+00
   178    2.657476125982E+00
   179    2.657388167505E+00
   180    2.657288434848E+00
   181    2.657176482714E+00
   182    2.657076859162E+00
   183    2.656975266675E+00
   184    2.656868228099E+00
   185    2.656766462928E+00
   186    2.656661514400E+00
   187    2.656563410141E+00
   188    2.656440150984E+00
   189    2.656331323388E+00
   190    2.656216839325E+00
   236    2.648199802475E+00
   237    2.649004335259E+00
   238    2.649833385058E+00
   239    2.650705135955E+00
   240    2.651616183713E+00
   241    2.652565357120E+00
   242    2.653531848930E+00
   243    2.654531340719E+00
   244    2.655537810588E+00
   245    2.656572773237E+00
   246    2.657615270481E+00
   247    2.658668787488E+00
   248    2.659735049546E+00
   249    2.660364150430E+00
   250    2.660290257012E+00
   251    2.660216989182E+00
   252    2.660132849235E+00
   253    2.660057670600E+00
   254    2.659981532022E+00
   255    2.659898600325E+00
   256    2.659827041532E+00
   257    2.659738273625E+00
   258    2.659659439595E+00
   259    2.659576039165E+00
   260    2.659495341095E+00
   261    2.659408662759E+00
   262    2.659324125979E+00
   263    2.659241753086E+00
   264    2.659153631191E+00
   265    2.659063885010E+00
   266    2.658979177344E+00
   267    2.658892450901E+00
   268    2.658800099132E+00
   269    2.658710576509E+00
   270    2.658617942803E+00
   271    2.658530490783E+00
   272    2.658432457630E+00
   273    2.658338365820E+00
   274    2.658240886648E+00
   275    2.658146996929E+00
   276    2.658052726567E+00
   277    2.657955384522E+00
   278    2.657856511390E+00
   279    2.657754698602E+00
   280    2.657650926729E+00
   281    2.657552959103E+00
   282    2.657450086559E+00
   283    2.657351262405E+00
   284    2.657244473596E+00
   285    2.657142027570E+00
   286    2.657032025948E+00
   287    2.656925180237E+00
   288    2.656826439027E+00
   289    2.656713799162E+00
   290    2.656598173511E+00
   291    2.656503690637E+00
   292    2.656368505028E+00
   339    2.648626057143E+00
   340    2.649439154770E+00
   341    2.650285290142E+00
   342    2.651180910967E+00
   343    2.652100531157E+00
   344    2.653053064461E+00
   345    2.654033975514E+00
   346    2.655032411675E+00
   347    2.656047826787E+00
   348    2.657081460227E+00
   349    2.658129672474E+00
   350    2.659187827758E+00
   351    2.660248638800E+00
   352    2.660471268031E+00
   353    2.660401996272E+00
   354    2.660322182449E+00
   355    2.660249525228E+00
   356    2.660174140354E+00
   357    2.660089540769E+00
   358    2.660011864516E+00
   359    2.659932387978E+00
   360    2.659853091936E+00
   361    2.659765125382E+00
   362    2.659679029407E+00
   363    2.659598334079E+00
   364    2.659501830780E+00
   365    2.659421386824E+00
   366    2.659329513791E+00
   367    2.659248107912E+00
   368    2.659159040099E+00
   369    2.659073860138E+00
   370    2.658979856309E+00
   371    2.658893763136E+00
   372    2.658795184915E+00
   373    2.658699836003E+00
   374    2.658609725202E+00
   375    2.658510650397E+00
   376    2.658416895308E+00
   377    2.658320317131E+00
   378    2.658224314504E+00
   379    2.658130710375E+00
   380    2.658033054168E+00
   381    2.657926079537E+00
   382    2.657824319483E+00
   383    2.657722287388E+00
   384    2.657614698280E+00
   385    2.657515068545E+00
   386    2.657413466974E+00
   387    2.657304545419E+00
   388    2.657199510190E+00
   389    2.657085068530E+00
   390    2.656975340265E+00
   391    2.656864881399E+00
   392    2.656762637050E+00
   393    2.656643877462E+00
   394    2.656522618296E+00
   442    2.649057845577E+00
   443    2.649885592165E+00
   444    2.650747986292E+00
   445    2.651650732184E+00
   446    2.652574998242E+00
   447    2.653543297934E+00
   448    2.654528495221E+00
   449    2.655532882447E+00
   450    2.656556768910E+00
   451    2.657589865609E+00
   452    2.658646266427E+00
   453    2.659706789934E+00
   454    2.660669246072E+00
   455    2.660595822522E+00
   456    2.660515051392E+00
   457    2.660436793515E+00
   458    2.660354108833E+00
   459    2.660279683229E+00
   460    2.660200576385E+00
   461    2.660115023320E+00
   462    2.660032491428E+00
   463    2.659940909415E+00
   464    2.659865470500E+00
   465    2.659769526307E+00
   466    2.659690773573E+00
   467    2.659598472783E+00
   468    2.659518002983E+00
   469    2.659427129059E+00
   470    2.659338679952E+00
   471    2.659242964952E+00
   472    2.659163184366E+00
   473    2.659063214478E+00
   474    2.658968006532E+00
   475    2.658876916800E+00
   476    2.658777794493E+00
   477    2.658687862400E+00
   478    2.658585807568E+00
   479    2.658498650234E+00
   480    2.658395319546E+00
   481    2.658297036619E+00
   482    2.658193572841E+00
   483    2.658093762433E+00
   484    2.657997838231E+00
   485    2.657889275377E+00
   486    2.657784521466E+00
   487    2.657686150349E+00
   488    2.657579673163E+00
   489    2.657461707185E+00
   490    2.657345504235E+00
   491    2.657247702701E+00
   492    2.657130227442E+00
   493    2.657019449661E+00
   494    2.656913256829E+00
   495    2.656797796524E+00
   496    2.656685144759E+00
   497    2.656558074104E+00
   544    2.648801114381E+00
   545    2.649495530013E+00
   546    2.650320566620E+00
   547    2.651216754945E+00
   548    2.652121139344E+00
   549    2.653062965170E+00
   550    2.654036547565E+00
   551    2.655023281101E+00
   552    2.656036187926E+00
   553    2.657063873156E+00
   554    2.658109251327E+00
   555    2.659161449235E+00
   556    2.660210631099E+00
   557    2.660778995885E+00
   558    2.660706459289E+00
   559    2.660620841375E+00
   560    2.660548726622E+00
   561    2.660459763483E+00
   562    2.660383374883E+00
   563    2.660301556017E+00
   564    2.660215554005E+00
   565    2.660132501619E+00
   566    2.660049252562E+00
   567    2.659953880564E+00
   568    2.659875523999E+00
   569    2.659785011369E+00
   570    2.659697001539E+00
   571    2.659601442978E+00
   572    2.659516225943E+00
   573    2.659421587431E+00
   574    2.659336795594E+00
   575    2.659241459283E+00
   576    2.659144266467E+00
   577    2.659050525470E+00
   578    2.658952426845E+00
   579    2.658848960014E+00
   580    2.658761776597E+00
   581    2.658663889380E+00
   582    2.658562921463E+00
   583    2.658473123345E+00
   584    2.658357810334E+00
   585    2.658262071021E+00
   586    2.658151562846E+00
   587    2.658051242625E+00
   588    2.657945184396E+00
   589    2.657839920677E+00
   590    2.657742167089E+00
   591    2.657620476486E+00
   592    2.657514957929E+00
   593    2.657398022541E+00
   594    2.657293075009E+00
   595    2.657183354689E+00
   596    2.657062408360E+00
   597    2.656950830884E+00
   598    2.656572846754E+00
   599    2.656166692033E+00
   600    2.655740517969E+00
   647    2.649249607259E+00
   648    2.649932932700E+00
   649    2.650792348869E+00
   650    2.651676402307E+00
   651    2.652603300491E+00
   652    2.653548502431E+00
   653    2.654525457926E+00
   654    2.655524427141E+00
   655    2.656542046062E+00
   656    2.657572545069E+00
   657    2.658615445520E+00
   658    2.659672973434E+00
   659    2.660729702054E+00
   660    2.660891732168E+00
   661    2.660817028791E+00
   662    2.660728684952E+00
   663    2.660639124120E+00
   664    2.660564882436E+00
   665    2.660483095352E+00
   666    2.660394822092E+00
   667    2.660309020536E+00
   668    2.660228006988E+00
   669    2.660134213722E+00
   670    2.660056340920E+00
   671    2.659961049010E+00
   672    2.659870471822E+00
   673    2.659784739558E+00
   674    2.659686212102E+00
   675    2.659598131316E+00
   676    2.659506831595E+00
   677    2.659410058643E+00
   678    2.659311968402E+00
   679    2.659220029470E+00
   680    2.659125831432E+00
   681    2.659026341446E+00
   682    2.658920466494E+00
   683    2.658823689398E+00
   684    2.658723670738E+00
   685    2.658623842947E+00
   686    2.658519261242E+00
   687    2.658414780336E+00
   688    2.658320130357E+00
   689    2.658206763372E+00
   690    2.658104262186E+00
   691    2.657995349093E+00
   692    2.657887482806E+00
   693    2.657793838056E+00
   694    2.657671818437E+00
   695    2.657559409161E+00
   696    2.657447215778E+00
   697    2.657068714727E+00
   698    2.656666047682E+00
   699    2.656246908840E+00
   700    2.655810457291E+00
   749    2.649192067235E+00
   750    2.649696429293E+00
   751    2.650377983359E+00
   752    2.651244935985E+00
   753    2.652143511244E+00
   754    2.653079758673E+00
   755    2.654022474777E+00
   756    2.655019548239E+00
   757    2.656017921615E+00
   758    2.657046714321E+00
   759    2.658075768366E+00
   760    2.659127094050E+00
   761    2.660178422177E+00
   762    2.661079618760E+00
   763    2.660996501166E+00
   764    2.660911222645E+00
   765    2.660829800569E+00
   766    2.660744912371E+00
   767    2.660659357250E+00
   768    2.660585945255E+00
   769    2.660486921706E+00
   770    2.660403937986E+00
   771    2.660314862070E+00
   772    2.660217448042E+00
   773    2.660140573589E+00
   774    2.660044294247E+00
   775    2.659955967313E+00
   776    2.659860173064E+00
   777    2.659768656514E+00
   778    2.659673557348E+00
   779    2.659579557228E+00
   780    2.659482060798E+00
   781    2.659387956888E+00
   782    2.659287531405E+00
   783    2.659189619029E+00
   784    2.659092496399E+00
   785    2.658996868504E+00
   786    2.658888422904E+00
   787    2.658789359305E+00
   788    2.658683098909E+00
   789    2.658579131992E+00
   790    2.658464070457E+00
   791    2.658365755637E+00
   792    2.658262439210E+00
   793    2.658152804103E+00
   794    2.658041845147E+00
   795    2.657924044563E+00
   796    2.657552943092E+00
   797    2.657160281639E+00
   798    2.656746854437E+00
   799    2.656310798555E+00
   800    2.655858581212E+00
   852    2.649627617606E+00
   853    2.650115497405E+00
   854    2.650818443755E+00
   855    2.651697412667E+00
   856    2.652598610260E+00
   857    2.653550997970E+00
   858    2.654514643755E+00
   859    2.655520734280E+00
   860    2.656521441854E+00
   861    2.657545838033E+00
   862    2.658586608751E+00
   863    2.659628933846E+00
   864    2.660686160586E+00
   865    2.661172543077E+00
   866    2.661092608053E+00
   867    2.661002769379E+00
   868    2.660927312753E+00
   869    2.660840603271E+00
   870    2.660752852712E+00
   871    2.660669956150E+00
   872    2.660580519346E+00
   873    2.660507367311E+00
   874    2.660413422271E+00
   875    2.660313632247E+00
   876    2.660218047940E+00
   877    2.660126881139E+00
   878    2.660033523063E+00
   879    2.659938610818E+00
   880    2.659834434172E+00
   881    2.659752242559E+00
   882    2.659649558973E+00
   883    2.659559035527E+00
   884    2.659457449453E+00
   885    2.659361298110E+00
   886    2.659262575217E+00
   887    2.659154777891E+00
   888    2.659050492436E+00
   889    2.658948731721E+00
   890    2.658842218892E+00
   891    2.658735769614E+00
   892    2.658630382761E+00
   893    2.658527213733E+00
   894    2.658402613595E+00
   895    2.658031780951E+00
   896    2.657640260771E+00
   897    2.657233118070E+00
   898    2.656803213000E+00
   899    2.656356968461E+00
   900    2.655886512998E+00
   954    2.649572640238E+00
   955    2.650065545783E+00
   956    2.650561236131E+00
   957    2.651264432275E+00
   958    2.652162363249E+00
   959    2.653081593480E+00
   960    2.654031194116E+00
   961    2.655009579592E+00
   962    2.656002366709E+00
   963    2.657014119067E+00
   964    2.658041309302E+00
   965    2.659086845253E+00
   966    2.660136357597E+00
   967    2.661189822354E+00
   968    2.661273569880E+00
   969    2.661190391184E+00
   970    2.661100134762E+00
   971    2.661019276096E+00
   972    2.660924346813E+00
   973    2.660839855110E+00
   974    2.660751310245E+00
   975    2.660664511590E+00
   976    2.660572846691E+00
   977    2.660480416492E+00
   978    2.660388705246E+00
   979    2.660296532735E+00
   980    2.660203637950E+00
   981    2.660104492715E+00
   982    2.660012442613E+00
   983    2.659915261518E+00
   984    2.659817172858E+00
   985    2.659716055517E+00
   986    2.659622527504E+00
   987    2.659513792223E+00
   988    2.659417253997E+00
   989    2.659315868244E+00
   990    2.659206993817E+00
   991    2.659104334485E+00
   992    2.658998922764E+00
   993    2.658869306445E+00
   994    2.658503215858E+00
   995    2.658115391230E+00
   996    2.657711323778E+00
   997    2.657290916980E+00
   998    2.656846798299E+00
   999    2.656385104821E+00
  1000    2.655900677843E+00
  1056    2.649527982177E+00
  1057    2.650018947738E+00
  1058    2.650499733198E+00
  1059    2.651002972539E+00
  1060    2.651723736133E+00
  1061    2.652602729890E+00
  1062    2.653545845366E+00
  1063    2.654510922712E+00
  1064    2.655489435062E+00
  1065    2.656498265825E+00
  1066    2.657513470786E+00
  1067    2.658547464822E+00
  1068    2.659586658695E+00
  1069    2.660635074024E+00
  1070    2.661453396236E+00
  1071    2.661364695883E+00
  1072    2.661274748213E+00
  1073    2.661186178968E+00
  1074    2.661105037527E+00
  1075    2.661010552800E+00
  1076    2.660923681135E+00
  1077    2.660831802064E+00
  1078    2.660742955652E+00
  1079    2.660647406673E+00
  1080    2.660555446113E+00
  1081    2.660466320315E+00
  1082    2.660373751982E+00
  1083    2.660270883839E+00
  1084    2.660182207346E+00
  1085    2.660075797276E+00
  1086    2.659982637224E+00
  1087    2.659878865181E+00
  1088    2.659770502520E+00
  1089    2.659678055708E+00
  1090    2.659574488280E+00
  1091    2.659467489713E+00
  1092    2.659325492622E+00
  1093    2.658962968423E+00
  1094    2.658580855981E+00
  1095    2.658181331444E+00
  1096    2.657766616688E+00
  1097    2.657326411555E+00
  1098    2.656873950465E+00
  1099    2.656394230141E+00
  1100    2.655892064875E+00
  1159    2.649951964931E+00
  1160    2.650445560467E+00
  1161    2.650941946944E+00
  1162    2.651437259499E+00
  1163    2.652165249388E+00
  1164    2.653083104779E+00
  1165    2.654030051883E+00
  1166    2.654994418355E+00
  1167    2.655980399520E+00
  1168    2.656984914870E+00
  1169    2.658006363759E+00
  1170    2.659045005051E+00
  1171    2.660086819726E+00
  1172    2.661140672994E+00
  1173    2.661538282857E+00
  1174    2.661452569472E+00
  1175    2.661361902394E+00
  1176    2.661269688042E+00
  1177    2.661188536039E+00
  1178    2.661095546191E+00
  1179    2.661000820054E+00
  1180    2.660910592690E+00
  1181    2.660818309423E+00
  1182    2.660722750180E+00
  1183    2.660634869594E+00
  1184    2.660529698350E+00
  1185    2.660435158382E+00
  1186    2.660339382499E+00
  1187    2.660236489739E+00
  1188    2.660143512908E+00
  1189    2.660051425299E+00
  1190    2.659937762665E+00
  1191    2.659780225013E+00
  1192    2.659422426341E+00
  1193    2.659040265776E+00
  1194    2.658646783877E+00
  1195    2.658233302872E+00
  1196    2.657799596597E+00
  1197    2.657351034452E+00
  1198    2.656876656609E+00
  1199    2.656382037494E+00
  1200    2.655866230288E+00
  1261    2.649911782141E+00
  1262    2.650390272846E+00
  1263    2.650878699499E+00
  1264    2.651370596649E+00
  1265    2.651865396531E+00
  1266    2.652620901301E+00
  1267    2.653537227037E+00
  1268    2.654493817917E+00
  1269    2.655466145024E+00
  1270    2.656467481922E+00
  1271    2.657478020198E+00
  1272    2.658505651991E+00
  1273    2.659542005790E+00
  1274    2.660587453531E+00
  1275    2.661640206552E+00
  1276    2.661617325146E+00
  1277    2.661529626072E+00
  1278    2.661446102112E+00
  1279    2.661354726777E+00
  1280    2.661263448341E+00
  1281    2.661173980532E+00
  1282    2.661073543724E+00
  1283    2.660984921230E+00
  1284    2.660883307037E+00
  1285    2.660790602260E+00
  1286    2.660701548794E+00
  1287    2.660596119943E+00
  1288    2.660489920789E+00
  1289    2.660396879221E+00
  1290    2.660219878149E+00
  1291    2.659867125688E+00
  1292    2.659492730913E+00
  1293    2.659102878862E+00
  1294    2.658693703431E+00
  1295    2.658266477168E+00
  1296    2.657818325840E+00
  1297    2.657352108085E+00
  1298    2.656861951566E+00
  1299    2.656349727789E+00
  1300    2.655820479001E+00
  1364    2.650343947268E+00
  1365    2.650818709782E+00
  1366    2.651311682940E+00
  1367    2.651810353617E+00
  1368    2.652301492428E+00
  1369    2.653083604338E+00
  1370    2.654011628417E+00
  1371    2.654970468402E+00
  1372    2.655948379904E+00
  1373    2.656953023472E+00
  1374    2.657966846556E+00
  1375    2.658997980305E+00
  1376    2.660038412435E+00
  1377    2.661083469244E+00
  1378    2.661791640944E+00
  1379    2.661697881915E+00
  1380    2.661613092406E+00
  1381    2.661516846548E+00
  1382    2.661428178674E+00
  1383    2.661335160504E+00
  1384    2.661242526987E+00
  1385    2.661149300841E+00
  1386    2.661052723691E+00
  1387    2.660952303295E+00
  1388    2.660856791690E+00
  1389    2.660658252677E+00
  1390    2.660307477374E+00
  1391    2.659937715303E+00
  1392    2.659551921556E+00
  1393    2.659148457839E+00
  1394    2.658722747092E+00
  1395    2.658283540581E+00
  1396    2.657819346852E+00
  1397    2.657333995184E+00
  1398    2.656832462641E+00
  1399    2.656300601233E+00
  1400    2.655757323902E+00
  1466    2.650283577698E+00
  1467    2.650763031176E+00
  1468    2.651242061620E+00
  1469    2.651744973651E+00
  1470    2.652234248971E+00
  1471    2.652727521734E+00
  1472    2.653533173105E+00
  1473    2.654480910979E+00
  1474    2.655439176578E+00
  1475    2.656428105597E+00
  1476    2.657433903105E+00
  1477    2.658455428355E+00
  1478    2.659486779955E+00
  1479    2.660528958924E+00
  1480    2.661581574981E+00
  1481    2.661873243906E+00
  1482    2.661775023305E+00
  1483    2.661688351851E+00
  1484    2.661593840660E+00
  1485    2.661503802930E+00
  1486    2.661403096251E+00
  1487    2.661313557461E+00
  1488    2.661101764371E+00
  1489    2.660741323781E+00
  1490    2.660376566540E+00
  1491    2.659994584502E+00
  1492    2.659592578307E+00
  1493    2.659171435601E+00
  1494    2.658735063207E+00
  1495    2.658275755385E+00
  1496    2.657795667264E+00
  1497    2.657300462390E+00
  1498    2.656777015268E+00
  1499    2.656232332373E+00
  1500    2.655671760637E+00
  1569    2.650705217464E+00
  1570    2.651191104873E+00
  1571    2.651679900722E+00
  1572    2.652157542628E+00
  1573    2.652650263095E+00
  1574    2.653144666147E+00
  1575    2.653995694675E+00
  1576    2.654945916642E+00
  1577    2.655919422552E+00
  1578    2.656911321614E+00
  1579    2.657914376377E+00
  1580    2.658950630263E+00
  1581    2.659980300738E+00
  1582    2.661019365944E+00
  1583    2.662035575818E+00
  1584    2.661936736299E+00
  1585    2.661857994695E+00
  1586    2.661748589136E+00
  1587    2.661514930087E+00
  1588    2.661169481724E+00
  1589    2.660809627524E+00
  1590    2.660427468002E+00
  1591    2.660028731135E+00
  1592    2.659615921727E+00
  1593    2.659181780606E+00
  1594    2.658724445867E+00
  1595    2.658249893613E+00
  1596    2.657755332963E+00
  1597    2.657242394129E+00
  1598    2.656704496831E+00
  1599    2.656146136141E+00
  1600    2.655568504850E+00
  1671    2.650645745878E+00
  1672    2.651125634517E+00
  1673    2.651618888230E+00
  1674    2.652102018286E+00
  1675    2.652581800516E+00
  1676    2.653081883165E+00
  1677    2.653568426973E+00
  1678    2.654449308814E+00
  1679    2.655412224907E+00
  1680    2.656391154740E+00
  1681    2.657391887549E+00
  1682    2.658405978014E+00
  1683    2.659432400443E+00
  1684    2.660468616268E+00
  1685    2.661510716922E+00
  1686    2.661940154078E+00
  1687    2.661592186239E+00
  1688    2.661232421836E+00
  1689    2.660855481098E+00
  1690    2.660463569623E+00
  1691    2.660049590445E+00
  1692    2.659619336322E+00
  1693    2.659168358081E+00
  1694    2.658695670888E+00
  1695    2.658208000851E+00
  1696    2.657704222422E+00
  1697    2.657165106044E+00
  1698    2.656615851535E+00
  1699    2.656042159158E+00
  1700    2.655449921253E+00
  1773    2.650577180121E+00
  1774    2.651063984970E+00
  1775    2.651549451722E+00
  1776    2.652040485002E+00
  1777    2.652532910518E+00
  1778    2.653027845819E+00
  1779    2.653497831564E+00
  1780    2.653987447502E+00
  1781    2.654916441069E+00
  1782    2.655875140943E+00
  1783    2.656868692518E+00
  1784    2.657866635778E+00
  1785    2.658802613425E+00
  1786    2.659621690576E+00
  1787    2.660415303232E+00
  1788    2.661177390973E+00
  1789    2.660885772296E+00
  1790    2.660475741351E+00
  1791    2.660048972742E+00
  1792    2.659602471428E+00
  1793    2.659136691861E+00
  1794    2.658648649039E+00
  1795    2.658143521451E+00
  1796    2.657614979599E+00
  1797    2.657073607934E+00
  1798    2.656505341347E+00
  1799    2.655912008318E+00
  1800    2.655309586628E+00
  1876    2.650918524853E+00
  1877    2.651428849278E+00
  1878    2.651927903080E+00
  1879    2.652421258585E+00
  1880    2.652892514158E+00
  1881    2.653353778560E+00
  1882    2.653811512105E+00
  1883    2.654292762457E+00
  1884    2.655152265015E+00
  1885    2.655998158788E+00
  1886    2.656831733480E+00
  1887    2.657651254726E+00
  1888    2.658443600704E+00
  1889    2.659212459753E+00
  1890    2.659943566714E+00
  1891    2.660027619331E+00
  1892    2.659567221811E+00
  1893    2.659085704781E+00
  1894    2.658582800892E+00
  1895    2.658059690813E+00
  1896    2.657514759848E+00
  1897    2.656958687249E+00
  1898    2.656377773953E+00
  1899    2.655773450448E+00
  1900    2.655156968347E+00
  1979    2.650763707695E+00
  1980    2.651248821886E+00
  1981    2.651720705951E+00
  1982    2.652186301995E+00
  1983    2.652639154045E+00
  1984    2.653071730033E+00
  1985    2.653493819035E+00
  1986    2.654047667604E+00
  1987    2.654883127123E+00
  1988    2.655696493533E+00
  1989    2.656491330172E+00
  1990    2.657259807192E+00
  1991    2.657992860850E+00
  1992    2.658686625392E+00
  1993    2.659014029907E+00
  1994    2.658497832479E+00
  1995    2.657964350060E+00
  1996    2.657399942369E+00
  1997    2.656825158601E+00
  1998    2.656231253275E+00
  1999    2.655617604667E+00
  2000    2.654986302378E+00
  2081    2.650080625715E+00
  2082    2.650548983284E+00
  2083    2.651009459445E+00
  2084    2.651451164597E+00
  2085    2.651875027684E+00
  2086    2.652293777078E+00
  2087    2.652692277718E+00
  2088    2.653079174731E+00
  2089    2.653752940299E+00
  2090    2.654553565809E+00
  2091    2.655320624160E+00
  2092    2.656053203247E+00
  2093    2.656753474106E+00
  2094    2.657398003109E+00
  2095    2.657841220384E+00
  2096    2.657265192059E+00
  2097    2.656677456927E+00
  2098    2.656068839557E+00
  2099    2.655444215096E+00
  2100    2.654798266335E+00
  2184    2.649821557389E+00
  2185    2.650254658351E+00
  2186    2.650682613905E+00
  2187    2.651082656491E+00
  2188    2.651476162614E+00
  2189    2.651844922166E+00
  2190    2.652201165870E+00
  2191    2.652624884185E+00
  2192    2.653395654754E+00
  2193    2.654133919271E+00
  2194    2.654835149999E+00
  2195    2.655485997292E+00
  2196    2.656075056476E+00
  2197    2.656510239624E+00
  2198    2.655887604081E+00
  2199    2.655253687887E+00
  2200    2.654600938110E+00
  2287    2.649473026898E+00
  2288    2.649873260507E+00
  2289    2.650244701520E+00
  2290    2.650609141015E+00
  2291    2.650943789987E+00
  2292    2.651267775966E+00
  2293    2.651571818233E+00
  2294    2.652230468835E+00
  2295    2.652933637794E+00
  2296    2.653590790013E+00
  2297    2.654188019098E+00
  2298    2.654713517385E+00
  2299    2.655049501218E+00
  2300    2.654386932609E+00
  2390    2.649014872420E+00
  2391    2.649359193883E+00
  2392    2.649683402237E+00
  2393    2.649992245705E+00
  2394    2.650277425600E+00
  2395    2.650544272792E+00
  2396    2.651042451159E+00
  2397    2.651704134096E+00
  2398    2.652317841310E+00
  2399    2.652857172060E+00
  2400    2.653314378914E+00
  2492    2.648101986713E+00
  2493    2.648416749610E+00
  2494    2.648712133255E+00
  2495    2.648972565217E+00
  2496    2.649227498865E+00
  2497    2.649455982242E+00
  2498    2.649846792400E+00
  2499    2.650460300114E+00
  2500    2.651012451189E+00
  2595    2.647414411504E+00
  2596    2.647669583783E+00
  2597    2.647896909328E+00
  2598    2.648109967950E+00
  2599    2.648303788598E+00
  2600    2.648626368802E+00
  2698    2.646571492207E+00
  2699    2.646762084082E+00
  2700    2.646933390860E+00
