    30    6.192573470990E+00
    31    2.973715478192E+01
    32    5.382728705944E+01
    33    7.847171043473E+01
    34    1.033813314510E+02
    35    1.207470480824E+02
    36    1.394614717941E+02
    37    1.665059578931E+02
    38    1.939019398280E+02
    39    2.215869205902E+02
    40    2.497231371050E+02
    41    2.779520926493E+02
    42    3.066340460398E+02
    43    3.354594317666E+02
    44    3.449077946409E+02
    45    3.454417742427E+02
    46    3.459861794201E+02
    47    3.465186757269E+02
    48    3.470498531664E+02
    49    3.475823650576E+02
    50    3.481210493071E+02
    51    3.486313552702E+02
    52    3.491510898612E+02
    53    3.496697930142E+02
    54    3.501827174623E+02
    55    3.506986111316E+02
    56    3.511986154549E+02
    57    3.517075652493E+02
    58    3.522184705952E+02
    59    3.527098671980E+02
    60    3.532069991198E+02
    61    3.537019774714E+02
    62    3.541919518091E+02
    63    3.546933236141E+02
    64    3.551671642952E+02
    65    3.556436567557E+02
    66    3.561356406436E+02
    67    3.566075162352E+02
    68    3.570834830002E+02
    69    3.575575620112E+02
    70    3.580277691876E+02
    71    3.585052074402E+02
    72    3.589595319496E+02
    73    3.594239786089E+02
    74    3.598834867264E+02
    75    3.603453674083E+02
    76    3.607947378809E+02
    77    3.612461758105E+02
    78    3.617013576319E+02
    79    3.621554997269E+02
    80    3.625998961576E+02
    81    3.630431178256E+02
    82    3.634839923887E+02
    83    3.639303201214E+02
    84    3.643673181634E+02
    85    3.647999559719E+02
    86    3.652352863029E+02
    87    3.656672568090E+02
    88    3.660970136617E+02
   133    9.414383657610E+00
   134    3.110818475356E+01
   135    4.351812847773E+01
   136    6.899382879107E+01
   137    9.502921200267E+01
   138    1.215939649901E+02
   139    1.483440175585E+02
   140    1.756071796530E+02
   141    2.032213252629E+02
   142    2.311316369325E+02
   143    2.594564383398E+02
   144    2.880027673136E+02
   145    3.168267207440E+02
   146    3.448586613421E+02
   147    3.454040022988E+02
   148    3.459340040793E+02
   149    3.464648860250E+02
   150    3.469987684032E+02
   151    3.475296441422E+02
   152    3.480562515774E+02
   153    3.485697701111E+02
   154    3.490896665655E+02
   155    3.496058034464E+02
   156    3.501208510112E+02
   157    3.506308345930E+02
   158    3.511320632798E+02
   159    3.516388945820E+02
   160    3.521472625548E+02
   161    3.526388186469E+02
   162    3.531338318098E+02
   163    3.536280563286E+02
   164    3.541176309385E+02
   165    3.546036592252E+02
   166    3.550937918303E+02
   167    3.555568165775E+02
   168    3.560502512672E+02
   169    3.565300394241E+02
   170    3.570020176933E+02
   171    3.574718386344E+02
   172    3.579481212996E+02
   173    3.584117410837E+02
   174    3.588738630594E+02
   175    3.593349827424E+02
   176    3.597951596675E+02
   177    3.602576054046E+02
   178    3.607143061745E+02
   179    3.611670948649E+02
   180    3.616071434347E+02
   181    3.620727758966E+02
   182    3.625084932819E+02
   183    3.629418526917E+02
   184    3.633895085993E+02
   185    3.638347091974E+02
   186    3.642692589061E+02
   187    3.647032662180E+02
   188    3.651392300307E+02
   189    3.655760125561E+02
   190    3.660092477756E+02
   236    1.606230387898E+00
   237    2.620766479197E+01
   238    5.137594478985E+01
   239    7.726523015591E+01
   240    1.034684412469E+02
   241    1.302788830196E+02
   242    1.573346833191E+02
   243    1.848694173432E+02
   244    2.126918295154E+02
   245    2.408782063614E+02
   246    2.693845131723E+02
   247    2.981001590878E+02
   248    3.271611854348E+02
   249    3.453500041338E+02
   250    3.458806449616E+02
   251    3.464192063118E+02
   252    3.469394335915E+02
   253    3.474696055189E+02
   254    3.479938512756E+02
   255    3.485139396520E+02
   256    3.490305584976E+02
   257    3.495463498804E+02
   258    3.500551043063E+02
   259    3.505633290225E+02
   260    3.510688540330E+02
   261    3.515729769117E+02
   262    3.520697641689E+02
   263    3.525687223806E+02
   264    3.530620267723E+02
   265    3.535580992666E+02
   266    3.540476267875E+02
   267    3.545395038743E+02
   268    3.550122249778E+02
   269    3.554914491880E+02
   270    3.559774821619E+02
   271    3.564527606444E+02
   272    3.569212427007E+02
   273    3.573901811244E+02
   274    3.578601869885E+02
   275    3.583272811312E+02
   276    3.587964726389E+02
   277    3.592510978104E+02
   278    3.597050188028E+02
   279    3.601674088045E+02
   280    3.606160026683E+02
   281    3.610701326684E+02
   282    3.615201909599E+02
   283    3.619747146886E+02
   284    3.624204122941E+02
   285    3.628577867999E+02
   286    3.633001095694E+02
   287    3.637394584549E+02
   288    3.641820521450E+02
   289    3.646089403966E+02
   290    3.650428031106E+02
   291    3.654801990942E+02
   292    3.659115142271E+02
   339    9.140401276162E+00
   340    3.394789188270E+01
   341    5.964999288547E+01
   342    8.561070735168E+01
   343    1.121160604065E+02
   344    1.391773715526E+02
   345    1.663966450198E+02
   346    1.941350739510E+02
   347    2.223794259187E+02
   348    2.507298987764E+02
   349    2.794102880647E+02
   350    3.084050130694E+02
   351    3.375899931807E+02
   352    3.458318487810E+02
   353    3.463628489123E+02
   354    3.468892959569E+02
   355    3.474288878107E+02
   356    3.479369073953E+02
   357    3.484585569215E+02
   358    3.489688426108E+02
   359    3.494811553108E+02
   360    3.499945519524E+02
   361    3.504979138780E+02
   362    3.510182004360E+02
   363    3.515009974888E+02
   364    3.520053410321E+02
   365    3.524944812847E+02
   366    3.529917343489E+02
   367    3.534774308765E+02
   368    3.539686011697E+02
   369    3.544563091098E+02
   370    3.549403450937E+02
   371    3.554194504606E+02
   372    3.558926471766E+02
   373    3.563672599822E+02
   374    3.568406334397E+02
   375    3.573081516083E+02
   376    3.577796568206E+02
   377    3.582482397010E+02
   378    3.587077736756E+02
   379    3.591648254614E+02
   380    3.596248324505E+02
   381    3.600785446850E+02
   382    3.605305614862E+02
   383    3.609831233487E+02
   384    3.614271936289E+02
   385    3.618762990217E+02
   386    3.623229616450E+02
   387    3.627650183712E+02
   388    3.632094100098E+02
   389    3.636466443863E+02
   390    3.640809371347E+02
   391    3.645158495755E+02
   392    3.649485917819E+02
   393    3.653800817765E+02
   394    3.658152932101E+02
   442    1.658475216959E+01
   443    4.188659086094E+01
   444    6.773117751376E+01
   445    9.409169078505E+01
   446    1.209759126304E+02
   447    1.481910906875E+02
   448    1.757958176011E+02
   449    2.037722352251E+02
   450    2.320880165210E+02
   451    2.606818429345E+02
   452    2.895255073472E+02
   453    3.187581639713E+02
   454    3.457760010530E+02
   455    3.463064512192E+02
   456    3.468353491905E+02
   457    3.473649265394E+02
   458    3.478807065841E+02
   459    3.483916870327E+02
   460    3.489078323960E+02
   461    3.494260263368E+02
   462    3.499268391160E+02
   463    3.504332885865E+02
   464    3.509349288724E+02
   465    3.514327491280E+02
   466    3.519294485283E+02
   467    3.524292779252E+02
   468    3.529184273094E+02
   469    3.534171642670E+02
   470    3.538954449393E+02
   471    3.543781218523E+02
   472    3.548657645660E+02
   473    3.553377339081E+02
   474    3.558141712872E+02
   475    3.563116053386E+02
   476    3.567622644948E+02
   477    3.572278183668E+02
   478    3.576980852473E+02
   479    3.581599763174E+02
   480    3.586162352099E+02
   481    3.590784264104E+02
   482    3.595370245537E+02
   483    3.599910775666E+02
   484    3.604421933627E+02
   485    3.608987044046E+02
   486    3.613439668079E+02
   487    3.617935791041E+02
   488    3.622340655037E+02
   489    3.626750289032E+02
   490    3.631075196688E+02
   491    3.635533781927E+02
   492    3.639876920078E+02
   493    3.644229271798E+02
   494    3.648629692267E+02
   495    3.652885012741E+02
   496    3.657165411250E+02
   497    3.661432042138E+02
   544    3.087529363740E+00
   545    2.439704281411E+01
   546    4.998618188708E+01
   547    7.614915259010E+01
   548    1.028232549778E+02
   549    1.298322972721E+02
   550    1.573427577957E+02
   551    1.852378543193E+02
   552    2.134093089952E+02
   553    2.420096101378E+02
   554    2.708686791828E+02
   555    2.999762543300E+02
   556    3.293054801488E+02
   557    3.462468895136E+02
   558    3.467785716988E+02
   559    3.473054222876E+02
   560    3.478220811814E+02
   561    3.483332303765E+02
   562    3.488477802967E+02
   563    3.493563003660E+02
   564    3.498649477246E+02
   565    3.503717352837E+02
   566    3.508773220143E+02
   567    3.513640753228E+02
   568    3.518645254585E+02
   569    3.523574494051E+02
   570    3.528500952633E+02
   571    3.533378519385E+02
   572    3.538308723496E+02
   573    3.543022489400E+02
   574    3.547873720154E+02
   575    3.552636139242E+02
   576    3.557391240266E+02
   577    3.562153145108E+02
   578    3.566789468811E+02
   579    3.571537001142E+02
   580    3.576087352353E+02
   581    3.580766124307E+02
   582    3.585375185728E+02
   583    3.590060222146E+02
   584    3.594470721739E+02
   585    3.599051388471E+02
   586    3.603509624356E+02
   587    3.608047382745E+02
   588    3.612548004643E+02
   589    3.616987689020E+02
   590    3.621442337439E+02
   591    3.625843025756E+02
   592    3.630391853309E+02
   593    3.634586578011E+02
   594    3.639008078200E+02
   595    3.643390025217E+02
   596    3.647620246023E+02
   597    3.651953205928E+02
   598    3.644003452042E+02
   599    3.634845947959E+02
   600    3.624798679528E+02
   647    1.127934896146E+01
   648    3.239342297426E+01
   649    5.825317760957E+01
   650    8.464737160501E+01
   651    1.115949748162E+02
   652    1.390195277728E+02
   653    1.667255139492E+02
   654    1.948219274825E+02
   655    2.233322900861E+02
   656    2.520400930994E+02
   657    2.810887843103E+02
   658    3.104324419654E+02
   659    3.400549339214E+02
   660    3.467365211163E+02
   661    3.472437629108E+02
   662    3.477620641735E+02
   663    3.482746332219E+02
   664    3.487892927022E+02
   665    3.492927353568E+02
   666    3.498001932219E+02
   667    3.503107243802E+02
   668    3.508034669116E+02
   669    3.513025966597E+02
   670    3.517989205839E+02
   671    3.522863447784E+02
   672    3.527759214023E+02
   673    3.532642268299E+02
   674    3.537468071659E+02
   675    3.542364715517E+02
   676    3.547127881754E+02
   677    3.551854005344E+02
   678    3.556583671047E+02
   679    3.561299790588E+02
   680    3.566002287517E+02
   681    3.570717630540E+02
   682    3.575289917255E+02
   683    3.579954244819E+02
   684    3.584502488332E+02
   685    3.589135877496E+02
   686    3.593638728965E+02
   687    3.598152879485E+02
   688    3.602730297278E+02
   689    3.607203324900E+02
   690    3.611676540855E+02
   691    3.616110513091E+02
   692    3.620526412212E+02
   693    3.624916248139E+02
   694    3.629367745326E+02
   695    3.633692639400E+02
   696    3.638073100396E+02
   697    3.630091225394E+02
   698    3.621254610154E+02
   699    3.611513615711E+02
   700    3.600845554940E+02
   749    5.040669326240E+00
   750    1.949452987004E+01
   751    4.051837936204E+01
   752    6.661492908957E+01
   753    9.342013106769E+01
   754    1.206749729209E+02
   755    1.482358916373E+02
   756    1.761212564321E+02
   757    2.045476644076E+02
   758    2.333029922779E+02
   759    2.622530646729E+02
   760    2.915490482944E+02
   761    3.210716572653E+02
   762    3.466734634494E+02
   763    3.471927939544E+02
   764    3.477024957294E+02
   765    3.482156300141E+02
   766    3.487184413929E+02
   767    3.492394496963E+02
   768    3.497465818082E+02
   769    3.502361661357E+02
   770    3.507426356912E+02
   771    3.512337888836E+02
   772    3.517265711315E+02
   773    3.522216105691E+02
   774    3.527049168039E+02
   775    3.531892590061E+02
   776    3.536839155262E+02
   777    3.541561015312E+02
   778    3.546321839300E+02
   779    3.551172059520E+02
   780    3.555794432529E+02
   781    3.560504664700E+02
   782    3.565229359628E+02
   783    3.569877319375E+02
   784    3.574492570992E+02
   785    3.579066130182E+02
   786    3.583720527049E+02
   787    3.588273679258E+02
   788    3.592982237608E+02
   789    3.597328022921E+02
   790    3.601949143164E+02
   791    3.606324179666E+02
   792    3.610783263005E+02
   793    3.615251036397E+02
   794    3.619691997712E+02
   795    3.623959763532E+02
   796    3.616013448072E+02
   797    3.607409018934E+02
   798    3.597872883877E+02
   799    3.587527359878E+02
   800    3.576193394302E+02
   852    1.306778626393E+01
   853    2.763020333277E+01
   854    4.868389294287E+01
   855    7.520025368830E+01
   856    1.023118298092E+02
   857    1.297572602326E+02
   858    1.577057632389E+02
   859    1.859144391044E+02
   860    2.144995345501E+02
   861    2.434307551764E+02
   862    2.726117442305E+02
   863    3.021254203103E+02
   864    3.318793602021E+02
   865    3.471296854151E+02
   866    3.476575412722E+02
   867    3.481548686369E+02
   868    3.486671434194E+02
   869    3.491708790600E+02
   870    3.496699542958E+02
   871    3.501722401089E+02
   872    3.506687050407E+02
   873    3.511689692163E+02
   874    3.516707611634E+02
   875    3.521474534111E+02
   876    3.526336292139E+02
   877    3.531201108762E+02
   878    3.535989001466E+02
   879    3.540814957566E+02
   880    3.545559346353E+02
   881    3.550305526604E+02
   882    3.555037356613E+02
   883    3.559730749075E+02
   884    3.564414438211E+02
   885    3.569067022716E+02
   886    3.573676651615E+02
   887    3.578291852541E+02
   888    3.582859222551E+02
   889    3.587448928086E+02
   890    3.591986965603E+02
   891    3.596600210280E+02
   892    3.600970995684E+02
   893    3.605555927965E+02
   894    3.609351998533E+02
   895    3.601715640200E+02
   896    3.593305014734E+02
   897    3.584032415537E+02
   898    3.573990620849E+02
   899    3.562867847716E+02
   900    3.551061277241E+02
   954    7.014406599212E+00
   955    2.149607554736E+01
   956    3.594449278548E+01
   957    5.722448811506E+01
   958    8.400674195572E+01
   959    1.113331887654E+02
   960    1.389666574750E+02
   961    1.672598524989E+02
   962    1.957507989397E+02
   963    2.245382424845E+02
   964    2.536994582859E+02
   965    2.831565772858E+02
   966    3.128576651956E+02
   967    3.428565384431E+02
   968    3.475880765293E+02
   969    3.481020018017E+02
   970    3.486009341248E+02
   971    3.491126473287E+02
   972    3.496115138644E+02
   973    3.501094665066E+02
   974    3.506064503891E+02
   975    3.511031129240E+02
   976    3.515877489430E+02
   977    3.520823819136E+02
   978    3.525714022058E+02
   979    3.530461563766E+02
   980    3.535282796758E+02
   981    3.540091796298E+02
   982    3.544741087275E+02
   983    3.549563897316E+02
   984    3.554331255227E+02
   985    3.558988459253E+02
   986    3.563629379140E+02
   987    3.568340591626E+02
   988    3.572889447225E+02
   989    3.577465290512E+02
   990    3.582050812242E+02
   991    3.586559862048E+02
   992    3.591146066330E+02
   993    3.594603808924E+02
   994    3.587100746644E+02
   995    3.578961106698E+02
   996    3.569896720778E+02
   997    3.560024064660E+02
   998    3.549271755101E+02
   999    3.537699127912E+02
  1000    3.525087155784E+02
  1056    8.481737290063E-01
  1057    1.531733953910E+01
  1058    2.981842099605E+01
  1059    4.426938076681E+01
  1060    6.593164424107E+01
  1061    9.282579595891E+01
  1062    1.205036962969E+02
  1063    1.485367073582E+02
  1064    1.769603706985E+02
  1065    2.056997343592E+02
  1066    2.347591674790E+02
  1067    2.642198689594E+02
  1068    2.938174336358E+02
  1069    3.237754085475E+02
  1070    3.475283176284E+02
  1071    3.480362879260E+02
  1072    3.485543574511E+02
  1073    3.490525720099E+02
  1074    3.495480972538E+02
  1075    3.500480698483E+02
  1076    3.505407004667E+02
  1077    3.510312784253E+02
  1078    3.515213951019E+02
  1079    3.520114917778E+02
  1080    3.524933850627E+02
  1081    3.529755478758E+02
  1082    3.534573875055E+02
  1083    3.539361984655E+02
  1084    3.544077236283E+02
  1085    3.548835711775E+02
  1086    3.553441819241E+02
  1087    3.558296143032E+02
  1088    3.562987734886E+02
  1089    3.567474923259E+02
  1090    3.572105457324E+02
  1091    3.576612867478E+02
  1092    3.579510412174E+02
  1093    3.572319709693E+02
  1094    3.564310754859E+02
  1095    3.555551659929E+02
  1096    3.545907593245E+02
  1097    3.535401011732E+02
  1098    3.524170187464E+02
  1099    3.511690918520E+02
  1100    3.498619483817E+02
  1159    9.279038256076E+00
  1160    2.375133252115E+01
  1161    3.815762221408E+01
  1162    5.253545991226E+01
  1163    7.458896033327E+01
  1164    1.020351133492E+02
  1165    1.299109549756E+02
  1166    1.582365258780E+02
  1167    1.868549703858E+02
  1168    2.158270107430E+02
  1169    2.451018076984E+02
  1170    2.747749193046E+02
  1171    3.047215613507E+02
  1172    3.348048630704E+02
  1173    3.479814388802E+02
  1174    3.484867280293E+02
  1175    3.489862704328E+02
  1176    3.494845265774E+02
  1177    3.499780070720E+02
  1178    3.504726238316E+02
  1179    3.509686162137E+02
  1180    3.514542572347E+02
  1181    3.519372927373E+02
  1182    3.524251301850E+02
  1183    3.529127423666E+02
  1184    3.533835008877E+02
  1185    3.538582991587E+02
  1186    3.543392978129E+02
  1187    3.548179024656E+02
  1188    3.552695043185E+02
  1189    3.557393898841E+02
  1190    3.562066632462E+02
  1191    3.564119812313E+02
  1192    3.557196744131E+02
  1193    3.549436423251E+02
  1194    3.540892958427E+02
  1195    3.531543636591E+02
  1196    3.521378350020E+02
  1197    3.510185126320E+02
  1198    3.498227460858E+02
  1199    3.485300527519E+02
  1200    3.471498717179E+02
  1261    3.079988393662E+00
  1262    1.760329705988E+01
  1263    3.209263439766E+01
  1264    4.655185027658E+01
  1265    6.094151181424E+01
  1266    8.366731621257E+01
  1267    1.112982330511E+02
  1268    1.394595658075E+02
  1269    1.679799387050E+02
  1270    1.968451050371E+02
  1271    2.261587188457E+02
  1272    2.556307144776E+02
  1273    2.855382568385E+02
  1274    3.157004236257E+02
  1275    3.460140020495E+02
  1276    3.484248061582E+02
  1277    3.489185231507E+02
  1278    3.494232097122E+02
  1279    3.499123891734E+02
  1280    3.504113295818E+02
  1281    3.509004043850E+02
  1282    3.513942122632E+02
  1283    3.518717486679E+02
  1284    3.523547937604E+02
  1285    3.528446016022E+02
  1286    3.533178095406E+02
  1287    3.537880142267E+02
  1288    3.542579696104E+02
  1289    3.547297670122E+02
  1290    3.548740960050E+02
  1291    3.541890973944E+02
  1292    3.534331045019E+02
  1293    3.525973254321E+02
  1294    3.516882389524E+02
  1295    3.506869179074E+02
  1296    3.496042020816E+02
  1297    3.484295722623E+02
  1298    3.471642689894E+02
  1299    3.458169896429E+02
  1300    3.443831513742E+02
  1364    1.161112444718E+01
  1365    2.605302368020E+01
  1366    4.049216247662E+01
  1367    5.491640856628E+01
  1368    6.922928206714E+01
  1369    9.273639361550E+01
  1370    1.207612628149E+02
  1371    1.491847006042E+02
  1372    1.779787970096E+02
  1373    2.071532366642E+02
  1374    2.366081713290E+02
  1375    2.664518044462E+02
  1376    2.964508872325E+02
  1377    3.268675532702E+02
  1378    3.483670692430E+02
  1379    3.488729991899E+02
  1380    3.493598374767E+02
  1381    3.498628937574E+02
  1382    3.503470226509E+02
  1383    3.508316240326E+02
  1384    3.513260182665E+02
  1385    3.518041868552E+02
  1386    3.522808100901E+02
  1387    3.527654408038E+02
  1388    3.532482782669E+02
  1389    3.533005928375E+02
  1390    3.526344322993E+02
  1391    3.518947277090E+02
  1392    3.510846469885E+02
  1393    3.501964345565E+02
  1394    3.492194769539E+02
  1395    3.481772621690E+02
  1396    3.470137860150E+02
  1397    3.457806975305E+02
  1398    3.444605378026E+02
  1399    3.430563434058E+02
  1400    3.415537942690E+02
  1466    5.387253774409E+00
  1467    2.002924867601E+01
  1468    3.452729211925E+01
  1469    4.903993906085E+01
  1470    6.324379038792E+01
  1471    7.764925860170E+01
  1472    1.021187312956E+02
  1473    1.304136253253E+02
  1474    1.591109033399E+02
  1475    1.881306032818E+02
  1476    2.175358373664E+02
  1477    2.472704412482E+02
  1478    2.773137914726E+02
  1479    3.076309703727E+02
  1480    3.382274967446E+02
  1481    3.488085277678E+02
  1482    3.492920723381E+02
  1483    3.497890343867E+02
  1484    3.502817420985E+02
  1485    3.507709040765E+02
  1486    3.512512852406E+02
  1487    3.517349303200E+02
  1488    3.516896800988E+02
  1489    3.510577190266E+02
  1490    3.503406768947E+02
  1491    3.495494424252E+02
  1492    3.486866112651E+02
  1493    3.477274402264E+02
  1494    3.466889394020E+02
  1495    3.455754012527E+02
  1496    3.443753489967E+02
  1497    3.430676403099E+02
  1498    3.416890795981E+02
  1499    3.402196211173E+02
  1500    3.386705257395E+02
  1569    1.404700464510E+01
  1570    2.854935720200E+01
  1571    4.306199280436E+01
  1572    5.738594717213E+01
  1573    7.178563731950E+01
  1574    8.601961532789E+01
  1575    1.116142277372E+02
  1576    1.402459514014E+02
  1577    1.692289397450E+02
  1578    1.984791310783E+02
  1579    2.280807970945E+02
  1580    2.581778205234E+02
  1581    2.883705275181E+02
  1582    3.189143353654E+02
  1583    3.487367790809E+02
  1584    3.492280456570E+02
  1585    3.497523257518E+02
  1586    3.502084297779E+02
  1587    3.500751846788E+02
  1588    3.494531467614E+02
  1589    3.487575171178E+02
  1590    3.479838729212E+02
  1591    3.471393194732E+02
  1592    3.462134268473E+02
  1593    3.451980569362E+02
  1594    3.440925465985E+02
  1595    3.429266504055E+02
  1596    3.416519059969E+02
  1597    3.403194494660E+02
  1598    3.388627964557E+02
  1599    3.373475402998E+02
  1600    3.357452645710E+02
  1671    8.039581265192E+00
  1672    2.259334292435E+01
  1673    3.711274869471E+01
  1674    5.154195399720E+01
  1675    6.591008904620E+01
  1676    8.021812675363E+01
  1677    9.438200676580E+01
  1678    1.212161108606E+02
  1679    1.501323403520E+02
  1680    1.795090006806E+02
  1681    2.090241015696E+02
  1682    2.389165317744E+02
  1683    2.691267145102E+02
  1684    2.996199174320E+02
  1685    3.303876638353E+02
  1686    3.484311400716E+02
  1687    3.478281791344E+02
  1688    3.471524989959E+02
  1689    3.463997856710E+02
  1690    3.455747470200E+02
  1691    3.446771538312E+02
  1692    3.436831780022E+02
  1693    3.426169372125E+02
  1694    3.414468233507E+02
  1695    3.402139690134E+02
  1696    3.388913784851E+02
  1697    3.374793902029E+02
  1698    3.359881420150E+02
  1699    3.344124418684E+02
  1700    3.327712343562E+02
  1773    2.054275463116E+00
  1774    1.666453346433E+01
  1775    3.117631758880E+01
  1776    4.573330080573E+01
  1777    6.001731967820E+01
  1778    7.437368891210E+01
  1779    8.870185114477E+01
  1780    1.027540716283E+02
  1781    1.311685395141E+02
  1782    1.604052991064E+02
  1783    1.898031746980E+02
  1784    2.196712046777E+02
  1785    2.495280985386E+02
  1786    2.795394289313E+02
  1787    3.102783401714E+02
  1788    3.419333191219E+02
  1789    3.439921974029E+02
  1790    3.431078183685E+02
  1791    3.421461313061E+02
  1792    3.410969868640E+02
  1793    3.399622247851E+02
  1794    3.387531980558E+02
  1795    3.374486154882E+02
  1796    3.360635063521E+02
  1797    3.345954721327E+02
  1798    3.330543357080E+02
  1799    3.314333142507E+02
  1800    3.297515633563E+02
  1876    9.864818282881E+00
  1877    2.478209554925E+01
  1878    3.934714275717E+01
  1879    5.383259435595E+01
  1880    6.814523949858E+01
  1881    8.238107237098E+01
  1882    9.621971928221E+01
  1883    1.113551727131E+02
  1884    1.398913599329E+02
  1885    1.688029109303E+02
  1886    1.983893396967E+02
  1887    2.285872453170E+02
  1888    2.593776465963E+02
  1889    2.912836876704E+02
  1890    3.243135169342E+02
  1891    3.395513616162E+02
  1892    3.384456027366E+02
  1893    3.372518336917E+02
  1894    3.359786356697E+02
  1895    3.346283318931E+02
  1896    3.331842055193E+02
  1897    3.316761918719E+02
  1898    3.300849472308E+02
  1899    3.284248378285E+02
  1900    3.267025564274E+02
  1979    1.354811776908E+01
  1980    2.826678450463E+01
  1981    4.273879546790E+01
  1982    5.696263213867E+01
  1983    7.106298370865E+01
  1984    8.513586660604E+01
  1985    9.864478910532E+01
  1986    1.174777185186E+02
  1987    1.471556045510E+02
  1988    1.774426591008E+02
  1989    2.084962806172E+02
  1990    2.406095019282E+02
  1991    2.738472751615E+02
  1992    3.086250568491E+02
  1993    3.344884494103E+02
  1994    3.331592380086E+02
  1995    3.317504586701E+02
  1996    3.302663962465E+02
  1997    3.287042611060E+02
  1998    3.270779592456E+02
  1999    3.253695025715E+02
  2000    3.236156412909E+02
  2081    2.796588270163E+00
  2082    1.729361436729E+01
  2083    3.178882594681E+01
  2084    4.590879815829E+01
  2085    5.994961125416E+01
  2086    7.378769319912E+01
  2087    8.746604154142E+01
  2088    1.008906444523E+02
  2089    1.262438980490E+02
  2090    1.576793754998E+02
  2091    1.898659025739E+02
  2092    2.233315849816E+02
  2093    2.584117107636E+02
  2094    2.952260897481E+02
  2095    3.288325218356E+02
  2096    3.272969724769E+02
  2097    3.256921192700E+02
  2098    3.240312832108E+02
  2099    3.222988779792E+02
  2100    3.205059156757E+02
  2184    6.495440298116E+00
  2185    2.082575312468E+01
  2186    3.507651396764E+01
  2187    4.900525962278E+01
  2188    6.274735953159E+01
  2189    7.624385590571E+01
  2190    8.948983882277E+01
  2191    1.062756648948E+02
  2192    1.388150294255E+02
  2193    1.725497334045E+02
  2194    2.079079898561E+02
  2195    2.451767082971E+02
  2196    2.844399530139E+02
  2197    3.226477396682E+02
  2198    3.209414620281E+02
  2199    3.191863691284E+02
  2200    3.173746400015E+02
  2287    1.008320742873E+01
  2288    2.425491533220E+01
  2289    3.821400795082E+01
  2290    5.181249608095E+01
  2291    6.531306968600E+01
  2292    7.840418685381E+01
  2293    9.118914689995E+01
  2294    1.214337107906E+02
  2295    1.570324046352E+02
  2296    1.945772500598E+02
  2297    2.343013532152E+02
  2298    2.764828936583E+02
  2299    3.160497468045E+02
  2300    3.142238027607E+02
  2390    1.368094710347E+01
  2391    2.746311257529E+01
  2392    4.103076106193E+01
  2393    5.426226316684E+01
  2394    6.725248537832E+01
  2395    7.994548922690E+01
  2396    1.056946711276E+02
  2397    1.434072467361E+02
  2398    1.836521612332E+02
  2399    2.263555775907E+02
  2400    2.717038202101E+02
  2492    3.211704229504E+00
  2493    1.683337308562E+01
  2494    3.031662488043E+01
  2495    4.346633985250E+01
  2496    5.628221638174E+01
  2497    6.878894958611E+01
  2498    9.179040784396E+01
  2499    1.322344418107E+02
  2500    1.755058821046E+02
  2595    6.526147137490E+00
  2596    1.978607342216E+01
  2597    3.277977293372E+01
  2598    4.542965638287E+01
  2599    5.772009919939E+01
  2600    8.019142324007E+01
  2698    9.448448841658E+00
  2699    2.226991166011E+01
  2700    3.466895777874E+01
