    89    3.665252990018E+02
    90    3.669540649711E+02
    91    3.673762022888E+02
    92    3.678029453478E+02
    93    3.682276117454E+02
    94    3.686403093129E+02
    95    3.690593047475E+02
    96    3.694750382912E+02
    97    3.698814392947E+02
    98    3.703043584422E+02
    99    3.707180986697E+02
   100    3.711269288679E+02
   191    3.664285463483E+02
   192    3.668572636231E+02
   193    3.672841789776E+02
   194    3.677040502337E+02
   195    3.681233204965E+02
   196    3.685478005580E+02
   197    3.689597498190E+02
   198    3.693759799340E+02
   199    3.697922840523E+02
   200    3.702095006959E+02
   293    3.663321988875E+02
   294    3.667604118291E+02
   295    3.671873768913E+02
   296    3.676020338696E+02
   297    3.680264076881E+02
   298    3.684416921125E+02
   299    3.688704581376E+02
   300    3.692796406160E+02
   395    3.662494449297E+02
   396    3.666636876418E+02
   397    3.670860190710E+02
   398    3.675159868555E+02
   399    3.679271255680E+02
   400    3.670835267030E+02
   498    3.665683258718E+02
   499    3.657557828134E+02
   500    3.648099412694E+02
