     1    5.083884963444E+01
     2    5.091655365728E+01
     3    5.099465718894E+01
     4    5.107434441089E+01
     5    5.115261295298E+01
     6    5.123181611672E+01
     7    5.131187400276E+01
     8    5.139147480155E+01
     9    5.147100167333E+01
    10    5.155243726080E+01
    11    5.163206960920E+01
    12    5.171193014445E+01
    13    5.179262525510E+01
    14    5.187261059983E+01
    15    5.195507244643E+01
    16    5.203441659079E+01
    17    5.211591220860E+01
    18    5.219529619861E+01
    19    5.227761133542E+01
    20    5.235779028373E+01
    21    5.244088647305E+01
    22    5.252149679859E+01
    23    5.260324044081E+01
    24    5.268554023701E+01
    25    5.276666804871E+01
    26    5.284915792978E+01
    27    5.293181356231E+01
    28    5.301327021134E+01
    29    5.309638389367E+01
    30    5.326758677173E+01
    31    5.369401308893E+01
    32    5.413205629900E+01
    33    5.458410781128E+01
    34    5.504532898082E+01
    35    2.587178727709E+01
   101    5.051314094664E+01
   102    5.059006469816E+01
   103    5.066905675475E+01
   104    5.074572493522E+01
   105    5.082303025473E+01
   106    5.090127496777E+01
   107    5.097860288440E+01
   108    5.105698004032E+01
   109    5.113515835518E+01
   110    5.121456137130E+01
   111    5.129198680189E+01
   112    5.137029940917E+01
   113    5.144973840616E+01
   114    5.153096151565E+01
   115    5.160753994569E+01
   116    5.168769601148E+01
   117    5.176764309343E+01
   118    5.184549893765E+01
   119    5.192592399254E+01
   120    5.200678924685E+01
   121    5.208470787495E+01
   122    5.216500883688E+01
   123    5.224600689876E+01
   124    5.232537882327E+01
   125    5.240656402307E+01
   126    5.248600199755E+01
   127    5.256709197924E+01
   128    5.264874025265E+01
   129    5.272884881782E+01
   130    5.281072273855E+01
   131    5.289031654245E+01
   132    5.297437966276E+01
   133    5.318618114832E+01
   134    4.481894196650E+01
   201    5.019897560818E+01
   202    5.027502542381E+01
   203    5.035145921216E+01
   204    5.042902308060E+01
   205    5.050409220583E+01
   206    5.058098231673E+01
   207    5.065678239364E+01
   208    5.073510850341E+01
   209    5.081160529675E+01
   210    5.088817865825E+01
   211    5.096621727935E+01
   212    5.104299208545E+01
   213    5.111947812403E+01
   214    5.119710194726E+01
   215    5.127464618187E+01
   216    5.135207097596E+01
   217    5.143124742598E+01
   218    5.150811467755E+01
   219    5.158605161431E+01
   220    5.166458354250E+01
   221    5.174249240869E+01
   222    5.182178778590E+01
   223    5.190020291882E+01
   224    5.198169301995E+01
   225    5.205760790808E+01
   226    5.213666709807E+01
   227    5.221600383454E+01
   228    5.229445918861E+01
   229    5.237505497466E+01
   230    5.245352544752E+01
   231    5.253379218995E+01
   232    5.261457223434E+01
   233    5.269415525237E+01
   234    1.243089988063E+01
   301    4.989691593924E+01
   302    4.997070042837E+01
   303    5.004571741622E+01
   304    5.012128605358E+01
   305    5.019637994148E+01
   306    5.027054207765E+01
   307    5.034640883392E+01
   308    5.042212066480E+01
   309    5.049656505393E+01
   310    5.057250430834E+01
   311    5.064760456163E+01
   312    5.072465848878E+01
   313    5.080002045432E+01
   314    5.087650789793E+01
   315    5.095321492247E+01
   316    5.102971370281E+01
   317    5.110550024476E+01
   318    5.118130338480E+01
   319    5.125786713820E+01
   320    5.133523512580E+01
   321    5.141198411797E+01
   322    5.148879715125E+01
   323    5.156617611733E+01
   324    5.164488651482E+01
   325    5.172192523561E+01
   326    5.179919666820E+01
   327    5.187726502352E+01
   328    5.195568098877E+01
   329    5.203276885062E+01
   330    5.211039249448E+01
   331    5.218847291368E+01
   332    5.226699457705E+01
   333    4.991342059123E+01
   401    4.960376939953E+01
   402    4.967779441604E+01
   403    4.975031064148E+01
   404    4.982418178639E+01
   405    4.989718787791E+01
   406    4.997174829573E+01
   407    5.004479686491E+01
   408    5.012111874625E+01
   409    5.019379621637E+01
   410    5.026786472426E+01
   411    5.034256187813E+01
   412    5.041669665056E+01
   413    5.049096163461E+01
   414    5.056545587020E+01
   415    5.064081493744E+01
   416    5.071605830965E+01
   417    5.079316125358E+01
   418    5.086680620794E+01
   419    5.094059054665E+01
   420    5.101734596901E+01
   421    5.109371315069E+01
   422    5.116718520100E+01
   423    5.124433761543E+01
   424    5.132013803275E+01
   425    5.139580591162E+01
   426    5.147162232287E+01
   427    5.154843306780E+01
   428    5.162493038924E+01
   429    5.170033425488E+01
   430    5.177857998409E+01
   431    5.185501602004E+01
   432    5.193244594927E+01
   433    2.437279208733E+01
   501    4.931917271818E+01
   502    4.939206404032E+01
   503    4.946440536766E+01
   504    4.953736094525E+01
   505    4.960834262251E+01
   506    4.968126091349E+01
   507    4.975412119434E+01
   508    4.982779292530E+01
   509    4.990017188122E+01
   510    4.997292493741E+01
   511    5.004525525011E+01
   512    5.011954749597E+01
   513    5.019229340126E+01
   514    5.026557014085E+01
   515    5.033938616658E+01
   516    5.041244485754E+01
   517    5.048647320941E+01
   518    5.056015533807E+01
   519    5.063431477665E+01
   520    5.070843749306E+01
   521    5.078327061868E+01
   522    5.085722618909E+01
   523    5.093113776001E+01
   524    5.100741359664E+01
   525    5.108074130883E+01
   526    5.115563693229E+01
   527    5.123033063553E+01
   528    5.130515647864E+01
   529    5.138159702346E+01
   530    5.145689661800E+01
   531    5.153298199300E+01
   532    5.160751339342E+01
   533    1.140948658284E+00
   601    4.904274600963E+01
   602    4.911525767168E+01
   603    4.918659541341E+01
   604    4.925713445032E+01
   605    4.932969458184E+01
   606    4.939983106153E+01
   607    4.947202008984E+01
   608    4.954246613901E+01
   609    4.961433761540E+01
   610    4.968533172472E+01
   611    4.975901975729E+01
   612    4.983077877099E+01
   613    4.990273131600E+01
   614    4.997439363378E+01
   615    5.004687724827E+01
   616    5.011896194025E+01
   617    5.019093582328E+01
   618    5.026495009654E+01
   619    5.033736363938E+01
   620    5.040963404745E+01
   621    5.048298709610E+01
   622    5.055780198192E+01
   623    5.062940917634E+01
   624    5.070172177992E+01
   625    5.077606613261E+01
   626    5.084929444014E+01
   627    5.092277047583E+01
   628    5.099683856409E+01
   629    5.107090432798E+01
   630    5.114431539543E+01
   631    5.121876247713E+01
   632    3.864079437290E+01
   701    4.877561882869E+01
   702    4.884898413422E+01
   703    4.891774137311E+01
   704    4.898708847212E+01
   705    4.905687287334E+01
   706    4.912802068952E+01
   707    4.919824142342E+01
   708    4.926711379765E+01
   709    4.933954586398E+01
   710    4.940858732878E+01
   711    4.947987897961E+01
   712    4.955095072547E+01
   713    4.962103464982E+01
   714    4.969152432398E+01
   715    4.976322467479E+01
   716    4.983543927661E+01
   717    4.990541531435E+01
   718    4.997709386587E+01
   719    5.004824186999E+01
   720    5.012061147332E+01
   721    5.019344003771E+01
   722    5.026403992399E+01
   723    5.033662338852E+01
   724    5.040873605301E+01
   725    5.048109727898E+01
   726    5.055409732531E+01
   727    5.062506087070E+01
   728    5.069774683844E+01
   729    5.077022528195E+01
   730    5.084322471555E+01
   731    5.091685595244E+01
   732    1.589819213083E+01
   801    4.851753724015E+01
   802    4.858694937281E+01
   803    4.865546051104E+01
   804    4.872633301622E+01
   805    4.879334285282E+01
   806    4.886271108152E+01
   807    4.893376180668E+01
   808    4.900268422809E+01
   809    4.907165853434E+01
   810    4.914016541599E+01
   811    4.921025167935E+01
   812    4.927966199251E+01
   813    4.935026224456E+01
   814    4.941883852609E+01
   815    4.948901127367E+01
   816    4.955810849965E+01
   817    4.962917465047E+01
   818    4.969994913743E+01
   819    4.976896769529E+01
   820    4.984100083664E+01
   821    4.991022511271E+01
   822    4.998020509020E+01
   823    5.005267634403E+01
   824    5.012484255904E+01
   825    5.019495104251E+01
   826    5.026481030434E+01
   827    5.033528960374E+01
   828    5.040764966939E+01
   829    5.047959104767E+01
   830    5.055072447328E+01
   831    5.062362459932E+01
   901    4.826227977412E+01
   902    4.833208806501E+01
   903    4.840045024182E+01
   904    4.847004126069E+01
   905    4.853760263412E+01
   906    4.860683574680E+01
   907    4.867436291505E+01
   908    4.874226303501E+01
   909    4.881230442085E+01
   910    4.887890240733E+01
   911    4.894715655745E+01
   912    4.901693637361E+01
   913    4.908570069955E+01
   914    4.915500213384E+01
   915    4.922213538617E+01
   916    4.929127822746E+01
   917    4.936029573917E+01
   918    4.942976500756E+01
   919    4.949949863825E+01
   920    4.957001784131E+01
   921    4.963875504636E+01
   922    4.970679084218E+01
   923    4.977727646318E+01
   924    4.984560551959E+01
   925    4.991723993092E+01
   926    4.998651397735E+01
   927    5.005784601865E+01
   928    5.012761858829E+01
   929    5.019875862350E+01
   930    5.026641714921E+01
   931    3.270828426740E+01
  1001    4.802012688761E+01
  1002    4.808689301163E+01
  1003    4.815462257118E+01
  1004    4.822124120086E+01
  1005    4.828891884804E+01
  1006    4.835660952002E+01
  1007    4.842426492204E+01
  1008    4.849177645557E+01
  1009    4.855949381194E+01
  1010    4.862550501575E+01
  1011    4.869266491824E+01
  1012    4.876137153374E+01
  1013    4.882843071861E+01
  1014    4.889566699972E+01
  1015    4.896406413808E+01
  1016    4.903275473874E+01
  1017    4.909987291917E+01
  1018    4.916876802985E+01
  1019    4.923548547006E+01
  1020    4.930448613454E+01
  1021    4.937194291481E+01
  1022    4.944091857339E+01
  1023    4.950949371837E+01
  1024    4.957853800287E+01
  1025    4.964731825838E+01
  1026    4.971660956550E+01
  1027    4.978434606695E+01
  1028    4.985376355798E+01
  1029    4.992311441838E+01
  1030    4.999207831268E+01
  1031    1.204381426721E+01
  1101    4.778076689869E+01
  1102    4.784783315057E+01
  1103    4.791400405276E+01
  1104    4.798306633843E+01
  1105    4.804694336305E+01
  1106    4.811453601553E+01
  1107    4.818153702848E+01
  1108    4.824710705561E+01
  1109    4.831320821991E+01
  1110    4.838039857395E+01
  1111    4.844605432094E+01
  1112    4.851310444055E+01
  1113    4.858010065419E+01
  1114    4.864616912027E+01
  1115    4.871296126375E+01
  1116    4.877809773965E+01
  1117    4.884582346299E+01
  1118    4.891481119616E+01
  1119    4.898039410886E+01
  1120    4.904794458399E+01
  1121    4.911464539414E+01
  1122    4.918185281161E+01
  1123    4.925013110061E+01
  1124    4.931772900852E+01
  1125    4.938603203348E+01
  1126    4.945297394882E+01
  1127    4.952146536393E+01
  1128    4.958854935832E+01
  1129    4.965648828641E+01
  1130    4.972384780435E+01
  1202    4.761593273860E+01
  1203    4.768157832428E+01
  1204    4.774723941574E+01
  1205    4.781281536799E+01
  1206    4.787933839161E+01
  1207    4.794350567832E+01
  1208    4.800980696038E+01
  1209    4.807459715496E+01
  1210    4.814027274736E+01
  1211    4.820613645685E+01
  1212    4.827114747353E+01
  1213    4.833711278662E+01
  1214    4.840212355618E+01
  1215    4.846836457578E+01
  1216    4.853511794812E+01
  1217    4.859966325301E+01
  1218    4.866656986534E+01
  1219    4.873190194813E+01
  1220    4.879845838843E+01
  1221    4.886478660210E+01
  1222    4.893186159612E+01
  1223    4.899672742781E+01
  1224    4.906559290086E+01
  1225    4.913040064483E+01
  1226    4.919755638556E+01
  1227    4.926407473209E+01
  1228    4.933184624428E+01
  1229    4.939886517257E+01
  1230    3.092517565069E+01
  1303    4.745458942557E+01
  1304    4.751830948303E+01
  1305    4.758377919560E+01
  1306    4.764863671685E+01
  1307    4.771388517159E+01
  1308    4.777829524647E+01
  1309    4.784383496346E+01
  1310    4.790793528767E+01
  1311    4.797165752342E+01
  1312    4.803675324337E+01
  1313    4.810169851914E+01
  1314    4.816696253053E+01
  1315    4.823251225274E+01
  1316    4.829594556918E+01
  1317    4.836087404717E+01
  1318    4.842694533494E+01
  1319    4.849082039352E+01
  1320    4.855618295487E+01
  1321    4.862122921513E+01
  1322    4.868860871659E+01
  1323    4.875171638986E+01
  1324    4.881877372130E+01
  1325    4.888341592990E+01
  1326    4.894866969642E+01
  1327    4.901572510322E+01
  1328    4.908145295874E+01
  1329    4.914636890126E+01
  1330    1.181911833705E+01
  1404    8.411980569937E-01
  1405    4.735984335918E+01
  1406    4.742509532460E+01
  1407    4.748967542625E+01
  1408    4.755105829977E+01
  1409    4.761795446229E+01
  1410    4.768208555723E+01
  1411    4.774444172928E+01
  1412    4.780946744326E+01
  1413    4.787297903444E+01
  1414    4.793679413979E+01
  1415    4.800044476123E+01
  1416    4.806361264653E+01
  1417    4.812814934631E+01
  1418    4.819213013283E+01
  1419    4.825613806414E+01
  1420    4.831994386013E+01
  1421    4.838467886405E+01
  1422    4.844966367437E+01
  1423    4.851405188866E+01
  1424    4.857788746557E+01
  1425    4.864360468424E+01
  1426    4.870763764687E+01
  1427    4.877272644617E+01
  1428    4.883798673859E+01
  1429    4.890434443837E+01
  1506    4.720789079591E+01
  1507    4.727040487676E+01
  1508    4.733364229793E+01
  1509    4.739674771516E+01
  1510    4.746031099189E+01
  1511    4.752311393381E+01
  1512    4.758516029407E+01
  1513    4.764952723805E+01
  1514    4.771268519122E+01
  1515    4.777442842735E+01
  1516    4.783746183587E+01
  1517    4.790090888363E+01
  1518    4.796798110602E+01
  1519    4.802750517979E+01
  1520    4.809115874794E+01
  1521    4.815511734748E+01
  1522    4.821844547011E+01
  1523    4.828185526984E+01
  1524    4.834518893850E+01
  1525    4.840892460218E+01
  1526    4.847318599314E+01
  1527    4.853611877896E+01
  1528    4.860130308539E+01
  1529    3.248011808030E+01
  1607    4.248404666296E+01
  1608    4.711893242204E+01
  1609    4.718214551558E+01
  1610    4.724399707234E+01
  1611    4.730655707421E+01
  1612    4.736860965043E+01
  1613    4.743178529198E+01
  1614    4.749498787339E+01
  1615    4.755590002066E+01
  1616    4.761832362947E+01
  1617    4.768127030815E+01
  1618    4.774355430968E+01
  1619    4.780495431133E+01
  1620    4.786866086612E+01
  1621    4.793010888191E+01
  1622    4.799266740571E+01
  1623    4.805834835048E+01
  1624    4.811760535641E+01
  1625    4.818304961695E+01
  1626    4.824454148086E+01
  1627    4.830806811558E+01
  1628    4.837077490015E+01
  1629    1.455288679225E+01
  1709    4.697212041047E+01
  1710    4.703503821757E+01
  1711    4.709875269662E+01
  1712    4.715791627624E+01
  1713    4.721939552426E+01
  1714    4.728070811618E+01
  1715    4.734219140795E+01
  1716    4.740444593970E+01
  1717    4.746642506917E+01
  1718    4.752664962966E+01
  1719    4.758937179514E+01
  1720    4.765101852493E+01
  1721    4.771187533155E+01
  1722    4.777378062904E+01
  1723    4.783521613270E+01
  1724    4.789773498442E+01
  1725    4.795955688961E+01
  1726    4.802366025747E+01
  1727    4.808427614043E+01
  1728    4.814630015932E+01
  1810    4.682915120800E+01
  1811    4.689200731876E+01
  1812    4.695158099037E+01
  1813    4.701280087824E+01
  1814    4.707377012257E+01
  1815    4.713383210648E+01
  1816    4.719599858440E+01
  1817    4.725668433557E+01
  1818    4.731677386856E+01
  1819    4.737786459078E+01
  1820    4.743882690494E+01
  1821    4.749891135858E+01
  1822    4.756084389315E+01
  1823    4.762143280809E+01
  1824    4.768207431076E+01
  1825    4.774347665953E+01
  1826    4.780525747836E+01
  1827    4.786549387363E+01
  1828    3.678262157865E+01
  1911    3.612131159039E+01
  1912    4.674963256311E+01
  1913    4.680970742127E+01
  1914    4.687098281401E+01
  1915    4.693077873728E+01
  1916    4.699030424136E+01
  1917    4.705090840784E+01
  1918    4.711158072535E+01
  1919    4.717222493216E+01
  1920    4.723401917109E+01
  1921    4.729371927543E+01
  1922    4.735163402376E+01
  1923    4.741258876982E+01
  1924    4.747215606582E+01
  1925    4.753214305106E+01
  1926    4.759240941192E+01
  1927    4.765389455469E+01
  1928    1.973631679468E+01
  2013    4.661321130198E+01
  2014    4.667343095316E+01
  2015    4.673377032128E+01
  2016    4.679129535045E+01
  2017    4.685267422028E+01
  2018    4.690978056466E+01
  2019    4.697156291784E+01
  2020    4.703018542474E+01
  2021    4.708979354956E+01
  2022    4.714899452177E+01
  2023    4.720858883116E+01
  2024    4.726739730349E+01
  2025    4.732772221017E+01
  2026    4.738710599986E+01
  2027    4.744676468290E+01
  2028    3.727043509430E+00
  2114    4.647933897152E+01
  2115    4.653812330890E+01
  2116    4.659735971429E+01
  2117    4.665684592770E+01
  2118    4.671505967155E+01
  2119    4.677500173567E+01
  2120    4.683289728623E+01
  2121    4.689214932855E+01
  2122    4.695119183444E+01
  2123    4.700928357251E+01
  2124    4.706782762683E+01
  2125    4.712627932387E+01
  2126    4.718545042353E+01
  2127    4.340480404432E+01
  2215    3.369700521672E+01
  2216    4.640820686593E+01
  2217    4.646711885874E+01
  2218    4.652461335780E+01
  2219    4.658257985179E+01
  2220    4.664174099599E+01
  2221    4.669920168229E+01
  2222    4.675880681320E+01
  2223    4.681534915685E+01
  2224    4.687341175000E+01
  2225    4.693112399016E+01
  2226    4.698982640145E+01
  2227    2.700824086598E+01
  2317    4.627922401062E+01
  2318    4.633837619918E+01
  2319    4.639569908362E+01
  2320    4.645285735014E+01
  2321    4.651035724244E+01
  2322    4.656751098738E+01
  2323    4.662585836628E+01
  2324    4.668387163375E+01
  2325    4.674064772051E+01
  2326    4.679787501029E+01
  2327    1.155389308680E+01
  2418    4.615526680899E+01
  2419    4.621135048455E+01
  2420    4.626913522380E+01
  2421    4.632623786523E+01
  2422    4.638301522995E+01
  2423    4.644121506434E+01
  2424    4.649770235817E+01
  2425    4.655387455389E+01
  2426    4.661103623262E+01
  2519    3.437381274869E+01
  2520    4.608918252318E+01
  2521    4.614684344386E+01
  2522    4.620198927821E+01
  2523    4.625882756387E+01
  2524    4.631536735568E+01
  2525    4.637157887553E+01
  2526    3.633396355652E+01
  2621    4.596991734281E+01
  2622    4.602592061392E+01
  2623    4.608133932213E+01
  2624    4.613712821931E+01
  2625    4.619328538207E+01
  2626    2.181053354838E+01
  2722    4.585314655372E+01
  2723    4.590743796959E+01
  2724    4.596312737599E+01
  2725    4.601813721983E+01
  2726    8.221238890643E+00
  2823    3.769836279957E+01
  2824    4.579249507703E+01
  2825    4.584686576836E+01
  2925    3.633267993283E+01
