    30   -5.119132065161E-02
    31   -5.416150464123E-02
    32   -5.742543581721E-02
    33   -6.084141910055E-02
    34   -6.448161836382E-02
    35   -6.684792133115E-02
    36   -6.905590111818E-02
    37   -7.237464640287E-02
    38   -7.576318425198E-02
    39   -7.922428115217E-02
    40   -8.283557067253E-02
    41   -8.635573728153E-02
    42   -9.007688705451E-02
    43   -9.380988210472E-02
    44   -9.416209661029E-02
    45   -9.296358769859E-02
    46   -9.177794222765E-02
    47   -9.056329928663E-02
    48   -8.935051503152E-02
    49   -8.811909239944E-02
    50   -8.692992061629E-02
    51   -8.562093585601E-02
    52   -8.440311984501E-02
    53   -8.316167843871E-02
    54   -8.184775777229E-02
    55   -8.065551330853E-02
    56   -7.933601865478E-02
    57   -7.806197623054E-02
    58   -7.679108543589E-02
    59   -7.550951066857E-02
    60   -7.416306033964E-02
    61   -7.284798883321E-02
    62   -7.151712271978E-02
    63   -7.013107271288E-02
    64   -6.885959483533E-02
    65   -6.750214575832E-02
    66   -6.614900558005E-02
    67   -6.479074230902E-02
    68   -6.342522433288E-02
    69   -6.202917052188E-02
    70   -6.066273750254E-02
    71   -5.933263662141E-02
    72   -5.785056250362E-02
    73   -5.643115908419E-02
    74   -5.501066593219E-02
    75   -5.359984956283E-02
    76   -5.215069855754E-02
    77   -5.068562569773E-02
    78   -4.924948761107E-02
    79   -4.780455148104E-02
    80   -4.630445633585E-02
    81   -4.480768737134E-02
    82   -4.333739231991E-02
    83   -4.183389019773E-02
    84   -4.032268957552E-02
    85   -3.880382328119E-02
    86   -3.726275916951E-02
    87   -3.572480177215E-02
    88   -3.417752624745E-02
   133   -5.486248542526E-02
   134   -5.761750891074E-02
   135   -5.888474307130E-02
   136   -6.158608207765E-02
   137   -6.446695971483E-02
   138   -6.743372740567E-02
   139   -7.068357703361E-02
   140   -7.400986528157E-02
   141   -7.743874819472E-02
   142   -8.091893384789E-02
   143   -8.450760995903E-02
   144   -8.814440649403E-02
   145   -9.182347640171E-02
   146   -9.536308226443E-02
   147   -9.417217452605E-02
   148   -9.295009207182E-02
   149   -9.175233404483E-02
   150   -9.052310258004E-02
   151   -8.926185442521E-02
   152   -8.807874936787E-02
   153   -8.682925293621E-02
   154   -8.555118296962E-02
   155   -8.429567466640E-02
   156   -8.299747140853E-02
   157   -8.174858537055E-02
   158   -8.050462275225E-02
   159   -7.920676453181E-02
   160   -7.788132173061E-02
   161   -7.659080414338E-02
   162   -7.527089061474E-02
   163   -7.397995998263E-02
   164   -7.262485351251E-02
   165   -7.129098376495E-02
   166   -6.995605638319E-02
   167   -6.862167645198E-02
   168   -6.720517232560E-02
   169   -6.586122572871E-02
   170   -6.447601144853E-02
   171   -6.308336247344E-02
   172   -6.168997630268E-02
   173   -6.028207912431E-02
   174   -5.888853361500E-02
   175   -5.741759382496E-02
   176   -5.601745799544E-02
   177   -5.460399296687E-02
   178   -5.308710758120E-02
   179   -5.168656686806E-02
   180   -5.025367916596E-02
   181   -4.869530314879E-02
   182   -4.724392991863E-02
   183   -4.575684492149E-02
   184   -4.424821854519E-02
   185   -4.276073018672E-02
   186   -4.125273145171E-02
   187   -3.977062913987E-02
   188   -3.816100422468E-02
   189   -3.662063349781E-02
   190   -3.503589317278E-02
   236   -5.537801662965E-02
   237   -5.778004808565E-02
   238   -6.031039482229E-02
   239   -6.305019345164E-02
   240   -6.598163209315E-02
   241   -6.909575616860E-02
   242   -7.230321999104E-02
   243   -7.566031881160E-02
   244   -7.907634793945E-02
   245   -8.260731788900E-02
   246   -8.619548414503E-02
   247   -8.983644088755E-02
   248   -9.353605961283E-02
   249   -9.535742405280E-02
   250   -9.414651504413E-02
   251   -9.294304349234E-02
   252   -9.168757456371E-02
   253   -9.045710413332E-02
   254   -8.922436392957E-02
   255   -8.795979654242E-02
   256   -8.673629844712E-02
   257   -8.544056942722E-02
   258   -8.417023851430E-02
   259   -8.287719522263E-02
   260   -8.159910237934E-02
   261   -8.029332480540E-02
   262   -7.898800008000E-02
   263   -7.768789271726E-02
   264   -7.636613483791E-02
   265   -7.498368988925E-02
   266   -7.369455439415E-02
   267   -7.235927075476E-02
   268   -7.099343060165E-02
   269   -6.963552179442E-02
   270   -6.826341391725E-02
   271   -6.690075726954E-02
   272   -6.549047523459E-02
   273   -6.409804129923E-02
   274   -6.267588561245E-02
   275   -6.128141258060E-02
   276   -5.986412871032E-02
   277   -5.844168595821E-02
   278   -5.699765540279E-02
   279   -5.553481681584E-02
   280   -5.406826378397E-02
   281   -5.262014436694E-02
   282   -5.114398149755E-02
   283   -4.968035283373E-02
   284   -4.815667908123E-02
   285   -4.668654942661E-02
   286   -4.516042232984E-02
   287   -4.363642861609E-02
   288   -4.215085099902E-02
   289   -4.060442797356E-02
   290   -3.902646092285E-02
   291   -3.752955459784E-02
   292   -3.583436435026E-02
   339   -5.663040658705E-02
   340   -5.907667883175E-02
   341   -6.168511541620E-02
   342   -6.453395677553E-02
   343   -6.750682422063E-02
   344   -7.063941930118E-02
   345   -7.390766822472E-02
   346   -7.727031865960E-02
   347   -8.070319490272E-02
   348   -8.424605543359E-02
   349   -8.784958406085E-02
   350   -9.150935009290E-02
   351   -9.518514164410E-02
   352   -9.525152729287E-02
   353   -9.405785409511E-02
   354   -9.281454402676E-02
   355   -9.159757226566E-02
   356   -9.036284376871E-02
   357   -8.908360574944E-02
   358   -8.783211802707E-02
   359   -8.656900703784E-02
   360   -8.531393080791E-02
   361   -8.400017482395E-02
   362   -8.267011921548E-02
   363   -8.139414498981E-02
   364   -8.003634764105E-02
   365   -7.874049405595E-02
   366   -7.739465291195E-02
   367   -7.609141048203E-02
   368   -7.473878768596E-02
   369   -7.340383400247E-02
   370   -7.203097333095E-02
   371   -7.068368301070E-02
   372   -6.927709214682E-02
   373   -6.788186760387E-02
   374   -6.650263850316E-02
   375   -6.508383265289E-02
   376   -6.365593199066E-02
   377   -6.226183832900E-02
   378   -6.082246669814E-02
   379   -5.942178826104E-02
   380   -5.798351827031E-02
   381   -5.650407019224E-02
   382   -5.503188937827E-02
   383   -5.355749702498E-02
   384   -5.205874149231E-02
   385   -5.057468956633E-02
   386   -4.910140169153E-02
   387   -4.758203492783E-02
   388   -4.606658905257E-02
   389   -4.451160866928E-02
   390   -4.294643932531E-02
   391   -4.141396217601E-02
   392   -3.990261665829E-02
   393   -3.830530344815E-02
   394   -3.670115029199E-02
   442   -5.789553651760E-02
   443   -6.040533917192E-02
   444   -6.309387650674E-02
   445   -6.597529946815E-02
   446   -6.896734173336E-02
   447   -7.217502932794E-02
   448   -7.546109068325E-02
   449   -7.884948901957E-02
   450   -8.232366694922E-02
   451   -8.585836254982E-02
   452   -8.949715974388E-02
   453   -9.316621568034E-02
   454   -9.641650804878E-02
   455   -9.520718165478E-02
   456   -9.394816559705E-02
   457   -9.270225032035E-02
   458   -9.143665928572E-02
   459   -9.019966917233E-02
   460   -8.893408959401E-02
   461   -8.766396571440E-02
   462   -8.634716352256E-02
   463   -8.502483436469E-02
   464   -8.376429220319E-02
   465   -8.240749102762E-02
   466   -8.112953369617E-02
   467   -7.977478002453E-02
   468   -7.847042827476E-02
   469   -7.711533955926E-02
   470   -7.577086829631E-02
   471   -7.437167132973E-02
   472   -7.306913121635E-02
   473   -7.165852881397E-02
   474   -7.026675474147E-02
   475   -6.888299679963E-02
   476   -6.746278011824E-02
   477   -6.607666758349E-02
   478   -6.463389250692E-02
   479   -6.325235180878E-02
   480   -6.178703437707E-02
   481   -6.035112586148E-02
   482   -5.888166287570E-02
   483   -5.742549971436E-02
   484   -5.597932328707E-02
   485   -5.446360097227E-02
   486   -5.298187367663E-02
   487   -5.150820345224E-02
   488   -5.000277211617E-02
   489   -4.841042848693E-02
   490   -4.683737341800E-02
   491   -4.539557213582E-02
   492   -4.377528378368E-02
   493   -4.223285392863E-02
   494   -4.071480073707E-02
   495   -3.911485166079E-02
   496   -3.754001738548E-02
   497   -3.587892753179E-02
   544   -5.721970772412E-02
   545   -5.915438337302E-02
   546   -6.167026382186E-02
   547   -6.450605145349E-02
   548   -6.740129446233E-02
   549   -7.046075330411E-02
   550   -7.369694602309E-02
   551   -7.699323315807E-02
   552   -8.042091537167E-02
   553   -8.391430682779E-02
   554   -8.749671507718E-02
   555   -9.112128795326E-02
   556   -9.473005370808E-02
   557   -9.626370015268E-02
   558   -9.506223984391E-02
   559   -9.378045225607E-02
   560   -9.255690820187E-02
   561   -9.125993728288E-02
   562   -8.999919143198E-02
   563   -8.872892035694E-02
   564   -8.741444567859E-02
   565   -8.612444729016E-02
   566   -8.482094071649E-02
   567   -8.346335144410E-02
   568   -8.217467386034E-02
   569   -8.082987132741E-02
   570   -7.948896620372E-02
   571   -7.813330720333E-02
   572   -7.677312503345E-02
   573   -7.540818838243E-02
   574   -7.406027134145E-02
   575   -7.265849656163E-02
   576   -7.125060684069E-02
   577   -6.985051598538E-02
   578   -6.843374864702E-02
   579   -6.698597507733E-02
   580   -6.560247339518E-02
   581   -6.417303317646E-02
   582   -6.271496398919E-02
   583   -6.131070921431E-02
   584   -5.978062989238E-02
   585   -5.835037044902E-02
   586   -5.683124849395E-02
   587   -5.537072999765E-02
   588   -5.385495049128E-02
   589   -5.234448147041E-02
   590   -5.087271224940E-02
   591   -4.928188073027E-02
   592   -4.776119907751E-02
   593   -4.618004831605E-02
   594   -4.465374066563E-02
   595   -4.309376363190E-02
   596   -4.147816199915E-02
   597   -3.990827518689E-02
   598   -3.708984473762E-02
   599   -3.414390339197E-02
   600   -3.109214645124E-02
   647   -5.851380838378E-02
   648   -6.041701829663E-02
   649   -6.308088832820E-02
   650   -6.586537058912E-02
   651   -6.885744243242E-02
   652   -7.194533454199E-02
   653   -7.518532492240E-02
   654   -7.853487463075E-02
   655   -8.197856640186E-02
   656   -8.548970026699E-02
   657   -8.904073918783E-02
   658   -9.270583259128E-02
   659   -9.634975541243E-02
   660   -9.613831335129E-02
   661   -9.490193891873E-02
   662   -9.360478640747E-02
   663   -9.227904483198E-02
   664   -9.103741838089E-02
   665   -8.976754700549E-02
   666   -8.844689344917E-02
   667   -8.713672570314E-02
   668   -8.584114508032E-02
   669   -8.448884453746E-02
   670   -8.320431622427E-02
   671   -8.182679067757E-02
   672   -8.047075117558E-02
   673   -7.915120949991E-02
   674   -7.774116452991E-02
   675   -7.638699517253E-02
   676   -7.501723017836E-02
   677   -7.359858402039E-02
   678   -7.219066822491E-02
   679   -7.079885860124E-02
   680   -6.938775138257E-02
   681   -6.795430830241E-02
   682   -6.648221662499E-02
   683   -6.504778731126E-02
   684   -6.359744987197E-02
   685   -6.215537128270E-02
   686   -6.066472282104E-02
   687   -5.917131731411E-02
   688   -5.773554983408E-02
   689   -5.619216761679E-02
   690   -5.470184254852E-02
   691   -5.317431612062E-02
   692   -5.164322108530E-02
   693   -5.017707213160E-02
   694   -4.858728482496E-02
   695   -4.701571569340E-02
   696   -4.544819209414E-02
   697   -4.262524185099E-02
   698   -3.971814050687E-02
   699   -3.672648486163E-02
   700   -3.365662001247E-02
   749   -5.861946551666E-02
   750   -5.978364238031E-02
   751   -6.168094236960E-02
   752   -6.438216285638E-02
   753   -6.723459378024E-02
   754   -7.026839303445E-02
   755   -7.334850647884E-02
   756   -7.668329962952E-02
   757   -8.004625417983E-02
   758   -8.351764095690E-02
   759   -8.702062422453E-02
   760   -9.063436845446E-02
   761   -9.424059253354E-02
   762   -9.722467708450E-02
   763   -9.594762677021E-02
   764   -9.465050270806E-02
   765   -9.337184764958E-02
   766   -9.207041233883E-02
   767   -9.077261308309E-02
   768   -8.951711851591E-02
   769   -8.814604232160E-02
   770   -8.685034580149E-02
   771   -8.551153953971E-02
   772   -8.413604924063E-02
   773   -8.282982204281E-02
   774   -8.144833085480E-02
   775   -8.009643398159E-02
   776   -7.870860105710E-02
   777   -7.733188118236E-02
   778   -7.593244385786E-02
   779   -7.453510292684E-02
   780   -7.311332950642E-02
   781   -7.172376665153E-02
   782   -7.027923213019E-02
   783   -6.884807060230E-02
   784   -6.741095509228E-02
   785   -6.598131312506E-02
   786   -6.448748179468E-02
   787   -6.303323249261E-02
   788   -6.156644693232E-02
   789   -6.005020600535E-02
   790   -5.850492400165E-02
   791   -5.702231048096E-02
   792   -5.552869706571E-02
   793   -5.399822024012E-02
   794   -5.245061335855E-02
   795   -5.085795681191E-02
   796   -4.809958057041E-02
   797   -4.523679100814E-02
   798   -4.227162393664E-02
   799   -3.922660333087E-02
   800   -3.609688678963E-02
   852   -5.981721846043E-02
   853   -6.091462467622E-02
   854   -6.291039587392E-02
   855   -6.566023290881E-02
   856   -6.853125484062E-02
   857   -7.164275526648E-02
   858   -7.481515272915E-02
   859   -7.818384179353E-02
   860   -8.154261832839E-02
   861   -8.501314871551E-02
   862   -8.856655669411E-02
   863   -9.213049427107E-02
   864   -9.577017612537E-02
   865   -9.695095992354E-02
   866   -9.567616416124E-02
   867   -9.436003318984E-02
   868   -9.309621563151E-02
   869   -9.178651416434E-02
   870   -9.046692455770E-02
   871   -8.916541093306E-02
   872   -8.782327861345E-02
   873   -8.655684415447E-02
   874   -8.518805617154E-02
   875   -8.378972228851E-02
   876   -8.240579182899E-02
   877   -8.103873966814E-02
   878   -7.965934857566E-02
   879   -7.827182017278E-02
   880   -7.683843126816E-02
   881   -7.547505009740E-02
   882   -7.402512846728E-02
   883   -7.263733100320E-02
   884   -7.118966098241E-02
   885   -6.976302561925E-02
   886   -6.829582505133E-02
   887   -6.682358173243E-02
   888   -6.536163617062E-02
   889   -6.387809479054E-02
   890   -6.237685924573E-02
   891   -6.086835630131E-02
   892   -5.936698862607E-02
   893   -5.786840123616E-02
   894   -5.626613722322E-02
   895   -5.350933389962E-02
   896   -5.066018599459E-02
   897   -4.774170081644E-02
   898   -4.472410689882E-02
   899   -4.162878094894E-02
   900   -3.843822195090E-02
   954   -5.990335469418E-02
   955   -6.100838186754E-02
   956   -6.214937380055E-02
   957   -6.415211328344E-02
   958   -6.699476140249E-02
   959   -6.994046835836E-02
   960   -7.303945993336E-02
   961   -7.627474383509E-02
   962   -7.958254845111E-02
   963   -8.298936457441E-02
   964   -8.646961065838E-02
   965   -9.003335784234E-02
   966   -9.363548668467E-02
   967   -9.725450636284E-02
   968   -9.668708819019E-02
   969   -9.539995447107E-02
   970   -9.407254800503E-02
   971   -9.279857820527E-02
   972   -9.142309456486E-02
   973   -9.010010173554E-02
   974   -8.877325597727E-02
   975   -8.744144119249E-02
   976   -8.608043076455E-02
   977   -8.471189763575E-02
   978   -8.337000783935E-02
   979   -8.195858324146E-02
   980   -8.058300907485E-02
   981   -7.916734786112E-02
   982   -7.777241418889E-02
   983   -7.635790224553E-02
   984   -7.493018380179E-02
   985   -7.349754370624E-02
   986   -7.208090804164E-02
   987   -7.056642797935E-02
   988   -6.914591885948E-02
   989   -6.767571136451E-02
   990   -6.617633902876E-02
   991   -6.469151440830E-02
   992   -6.318784038533E-02
   993   -6.157434360834E-02
   994   -5.884494056501E-02
   995   -5.603090509372E-02
   996   -5.313524929839E-02
   997   -5.017088185268E-02
   998   -4.709709815577E-02
   999   -4.395353439799E-02
  1000   -4.070644283509E-02
  1056   -6.000934780615E-02
  1057   -6.112202812426E-02
  1058   -6.218420846757E-02
  1059   -6.335344336432E-02
  1060   -6.543270546795E-02
  1061   -6.819407970560E-02
  1062   -7.122270703007E-02
  1063   -7.441334840600E-02
  1064   -7.763778670493E-02
  1065   -8.102964790819E-02
  1066   -8.444744890497E-02
  1067   -8.795646443284E-02
  1068   -9.149195295421E-02
  1069   -9.509106426048E-02
  1070   -9.768779955909E-02
  1071   -9.637277032244E-02
  1072   -9.503881642118E-02
  1073   -9.371432291238E-02
  1074   -9.241439492061E-02
  1075   -9.105338953420E-02
  1076   -8.971911723512E-02
  1077   -8.835375104213E-02
  1078   -8.701123590604E-02
  1079   -8.562228164945E-02
  1080   -8.426120092129E-02
  1081   -8.287634101632E-02
  1082   -8.149354446373E-02
  1083   -8.005789498164E-02
  1084   -7.867737114191E-02
  1085   -7.719380212869E-02
  1086   -7.580574610022E-02
  1087   -7.436804888848E-02
  1088   -7.286989907880E-02
  1089   -7.143910303269E-02
  1090   -6.996320872789E-02
  1091   -6.847247639007E-02
  1092   -6.680475200990E-02
  1093   -6.410736937595E-02
  1094   -6.131996222461E-02
  1095   -5.845873126013E-02
  1096   -5.553084027626E-02
  1097   -5.248781014190E-02
  1098   -4.939379597222E-02
  1099   -4.617715391583E-02
  1100   -4.286487350309E-02
  1159   -6.112546267657E-02
  1160   -6.223973567569E-02
  1161   -6.337141723866E-02
  1162   -6.450442235577E-02
  1163   -6.661481288267E-02
  1164   -6.954300244512E-02
  1165   -7.261433704001E-02
  1166   -7.577661651149E-02
  1167   -7.904507946271E-02
  1168   -8.241107227774E-02
  1169   -8.585843940572E-02
  1170   -8.938650215854E-02
  1171   -9.293738784968E-02
  1172   -9.654427280784E-02
  1173   -9.732381503279E-02
  1174   -9.601350388038E-02
  1175   -9.467035660368E-02
  1176   -9.331159577766E-02
  1177   -9.201452525231E-02
  1178   -9.064371912942E-02
  1179   -8.927254507896E-02
  1180   -8.791082742895E-02
  1181   -8.653593228587E-02
  1182   -8.514204351644E-02
  1183   -8.377113127073E-02
  1184   -8.233112115670E-02
  1185   -8.092109541398E-02
  1186   -7.951197700342E-02
  1187   -7.806172196992E-02
  1188   -7.666536959917E-02
  1189   -7.524436441515E-02
  1190   -7.372153274388E-02
  1191   -7.199281081810E-02
  1192   -6.932700004167E-02
  1193   -6.655228207996E-02
  1194   -6.373011055298E-02
  1195   -6.081717565668E-02
  1196   -5.781351146251E-02
  1197   -5.474811773118E-02
  1198   -5.156773592502E-02
  1199   -4.829458443736E-02
  1200   -4.493768723710E-02
  1261   -6.123287583232E-02
  1262   -6.227439276938E-02
  1263   -6.336718922959E-02
  1264   -6.448013262338E-02
  1265   -6.561875015252E-02
  1266   -6.783933527649E-02
  1267   -7.076530021753E-02
  1268   -7.388122060451E-02
  1269   -7.707886757712E-02
  1270   -8.041371797988E-02
  1271   -8.380143179028E-02
  1272   -8.727416850380E-02
  1273   -9.079095755845E-02
  1274   -9.435450314501E-02
  1275   -9.795454767127E-02
  1276   -9.691071982552E-02
  1277   -9.556344951980E-02
  1278   -9.426783259614E-02
  1279   -9.290092547515E-02
  1280   -9.155061491810E-02
  1281   -9.019319408803E-02
  1282   -8.878016438883E-02
  1283   -8.742659395387E-02
  1284   -8.599349179533E-02
  1285   -8.461199764110E-02
  1286   -8.322488308258E-02
  1287   -8.176801918533E-02
  1288   -8.028683023952E-02
  1289   -7.889091420066E-02
  1290   -7.708485276673E-02
  1291   -7.445178457285E-02
  1292   -7.171425660694E-02
  1293   -6.892764308940E-02
  1294   -6.604408819977E-02
  1295   -6.307636176484E-02
  1296   -6.002599380033E-02
  1297   -5.690198946855E-02
  1298   -5.365180995373E-02
  1299   -5.032189147666E-02
  1300   -4.690891364901E-02
  1364   -6.234214793020E-02
  1365   -6.336793373677E-02
  1366   -6.447961227436E-02
  1367   -6.562103571575E-02
  1368   -6.673210858294E-02
  1369   -6.907992916356E-02
  1370   -7.205428766505E-02
  1371   -7.518653298579E-02
  1372   -7.840311597355E-02
  1373   -8.175379758724E-02
  1374   -8.514290362262E-02
  1375   -8.863414768142E-02
  1376   -9.217178811929E-02
  1377   -9.573221945946E-02
  1378   -9.782636297466E-02
  1379   -9.647781710235E-02
  1380   -9.515363593010E-02
  1381   -9.375620157698E-02
  1382   -9.242105187077E-02
  1383   -9.104292487137E-02
  1384   -8.966390921634E-02
  1385   -8.827912801835E-02
  1386   -8.687185768746E-02
  1387   -8.544577110330E-02
  1388   -8.402188506592E-02
  1389   -8.213211256222E-02
  1390   -7.951842375259E-02
  1391   -7.682439582264E-02
  1392   -7.405605811300E-02
  1393   -7.120717044920E-02
  1394   -6.826464613199E-02
  1395   -6.526035346909E-02
  1396   -6.214755703879E-02
  1397   -5.894288078264E-02
  1398   -5.566331199441E-02
  1399   -5.225551859539E-02
  1400   -4.879211965358E-02
  1466   -6.233365953132E-02
  1467   -6.337042195776E-02
  1468   -6.441676830060E-02
  1469   -6.557276480940E-02
  1470   -6.667325505738E-02
  1471   -6.780070145254E-02
  1472   -7.023908195544E-02
  1473   -7.329971829253E-02
  1474   -7.641669109938E-02
  1475   -7.970026245458E-02
  1476   -8.305017750137E-02
  1477   -8.648651433324E-02
  1478   -8.996444958484E-02
  1479   -9.350619280861E-02
  1480   -9.709399012131E-02
  1481   -9.740849956463E-02
  1482   -9.600718177160E-02
  1483   -9.466596040432E-02
  1484   -9.328506622124E-02
  1485   -9.191129963376E-02
  1486   -9.051377759480E-02
  1487   -8.912923573765E-02
  1488   -8.717181359062E-02
  1489   -8.453363483402E-02
  1490   -8.186474134879E-02
  1491   -7.912635668289E-02
  1492   -7.629972850493E-02
  1493   -7.338025670005E-02
  1494   -7.040254150399E-02
  1495   -6.732592681999E-02
  1496   -6.414825334460E-02
  1497   -6.091185834072E-02
  1498   -5.754849353566E-02
  1499   -5.409605775696E-02
  1500   -5.057031108580E-02
  1569   -6.335626060079E-02
  1570   -6.442948293853E-02
  1571   -6.551499169237E-02
  1572   -6.656664418827E-02
  1573   -6.766836644862E-02
  1574   -6.880152566197E-02
  1575   -7.144278209542E-02
  1576   -7.452136415184E-02
  1577   -7.770630995722E-02
  1578   -8.098553352086E-02
  1579   -8.432607912429E-02
  1580   -8.781995742293E-02
  1581   -9.129384076311E-02
  1582   -9.482380637025E-02
  1583   -9.824593331735E-02
  1584   -9.685176484891E-02
  1585   -9.554347368922E-02
  1586   -9.408855850800E-02
  1587   -9.204108794041E-02
  1588   -8.947980921827E-02
  1589   -8.684756309578E-02
  1590   -8.411055166325E-02
  1591   -8.131442086861E-02
  1592   -7.845150870898E-02
  1593   -7.548762068327E-02
  1594   -7.242952556801E-02
  1595   -6.929130940838E-02
  1596   -6.606712202023E-02
  1597   -6.276267756162E-02
  1598   -5.934884039671E-02
  1599   -5.584419702977E-02
  1600   -5.225927292369E-02
  1671   -6.332223499155E-02
  1672   -6.436679823402E-02
  1673   -6.546571351594E-02
  1674   -6.653146170798E-02
  1675   -6.756955534774E-02
  1676   -6.872719320336E-02
  1677   -6.981745835204E-02
  1678   -7.258208880840E-02
  1679   -7.571152407263E-02
  1680   -7.892149509925E-02
  1681   -8.223325298879E-02
  1682   -8.562975496801E-02
  1683   -8.907913876701E-02
  1684   -9.257988867061E-02
  1685   -9.611111361676E-02
  1686   -9.694376021976E-02
  1687   -9.436416618979E-02
  1688   -9.174866183382E-02
  1689   -8.905724932840E-02
  1690   -8.629013953343E-02
  1691   -8.343060122716E-02
  1692   -8.050086365420E-02
  1693   -7.748207110895E-02
  1694   -7.436107601826E-02
  1695   -7.118066430365E-02
  1696   -6.792782049099E-02
  1697   -6.451642784236E-02
  1698   -6.106536522856E-02
  1699   -5.750597958606E-02
  1700   -5.386655543188E-02
  1773   -6.322765243699E-02
  1774   -6.430803406543E-02
  1775   -6.536508207879E-02
  1776   -6.645663101760E-02
  1777   -6.756177425487E-02
  1778   -6.868427612370E-02
  1779   -6.969448149878E-02
  1780   -7.080137068729E-02
  1781   -7.376614438741E-02
  1782   -7.687359080918E-02
  1783   -8.014764170125E-02
  1784   -8.345310955762E-02
  1785   -8.645961346589E-02
  1786   -8.891010937751E-02
  1787   -9.126581023809E-02
  1788   -9.350059835062E-02
  1789   -9.117857810105E-02
  1790   -8.834838345509E-02
  1791   -8.544638783190E-02
  1792   -8.245203771173E-02
  1793   -7.937601429999E-02
  1794   -7.620092688340E-02
  1795   -7.295455826753E-02
  1796   -6.960477463522E-02
  1797   -6.618282372326E-02
  1798   -6.267659624612E-02
  1799   -5.903373190339E-02
  1800   -5.537193676440E-02
  1876   -6.381985237812E-02
  1877   -6.500413516693E-02
  1878   -6.613328623349E-02
  1879   -6.723562701897E-02
  1880   -6.824155870928E-02
  1881   -6.920332444011E-02
  1882   -7.014154084466E-02
  1883   -7.118018464372E-02
  1884   -7.380351955106E-02
  1885   -7.636540759601E-02
  1886   -7.887371093272E-02
  1887   -8.134215550878E-02
  1888   -8.367644346396E-02
  1889   -8.592661815864E-02
  1890   -8.803496148921E-02
  1891   -8.735220288154E-02
  1892   -8.431235528260E-02
  1893   -8.117808855324E-02
  1894   -7.794945055002E-02
  1895   -7.463379768334E-02
  1896   -7.122404878915E-02
  1897   -6.776245042838E-02
  1898   -6.418900025491E-02
  1899   -6.052208470165E-02
  1900   -5.680013475175E-02
  1979   -6.194305161739E-02
  1980   -6.301245236679E-02
  1981   -6.402062286337E-02
  1982   -6.499777798281E-02
  1983   -6.592275370748E-02
  1984   -6.675127662971E-02
  1985   -6.753354697774E-02
  1986   -6.886161234703E-02
  1987   -7.138796801325E-02
  1988   -7.381593277659E-02
  1989   -7.617123206515E-02
  1990   -7.841940059257E-02
  1991   -8.053070800995E-02
  1992   -8.248983315519E-02
  1993   -8.286650823361E-02
  1994   -7.960103254961E-02
  1995   -7.626067722965E-02
  1996   -7.276740656470E-02
  1997   -6.923638115671E-02
  1998   -6.561795542735E-02
  1999   -6.192232151610E-02
  2000   -5.814071209251E-02
  2081   -5.880445346800E-02
  2082   -5.980189739950E-02
  2083   -6.075931910346E-02
  2084   -6.163094882280E-02
  2085   -6.242585983975E-02
  2086   -6.319623456077E-02
  2087   -6.388087943597E-02
  2088   -6.450990115361E-02
  2089   -6.634720138644E-02
  2090   -6.872574348392E-02
  2091   -7.096274467178E-02
  2092   -7.306879739688E-02
  2093   -7.505282201201E-02
  2094   -7.681986342805E-02
  2095   -7.773487630874E-02
  2096   -7.421283746085E-02
  2097   -7.063350712445E-02
  2098   -6.695908386286E-02
  2099   -6.322854786162E-02
  2100   -5.939440608057E-02
  2184   -5.646560103040E-02
  2185   -5.730497815845E-02
  2186   -5.811031702250E-02
  2187   -5.881442926150E-02
  2188   -5.947518416822E-02
  2189   -6.003018707421E-02
  2190   -6.054148359547E-02
  2191   -6.132440186541E-02
  2192   -6.356916308867E-02
  2193   -6.569879502238E-02
  2194   -6.768159799996E-02
  2195   -6.946555149199E-02
  2196   -7.101868377762E-02
  2197   -7.193082848408E-02
  2198   -6.821423078318E-02
  2199   -6.444712573864E-02
  2200   -6.059513592764E-02
  2287   -5.375666262849E-02
  2288   -5.443649327365E-02
  2289   -5.501045149278E-02
  2290   -5.554870381447E-02
  2291   -5.596227662836E-02
  2292   -5.632456754456E-02
  2293   -5.660293476549E-02
  2294   -5.838899899177E-02
  2295   -6.037807758059E-02
  2296   -6.219009305429E-02
  2297   -6.377474873813E-02
  2298   -6.507712173458E-02
  2299   -6.559217419210E-02
  2300   -6.170547684805E-02
  2390   -5.055260693869E-02
  2391   -5.100916716973E-02
  2392   -5.138080450500E-02
  2393   -5.168161905715E-02
  2394   -5.188449287409E-02
  2395   -5.200621601136E-02
  2396   -5.311398575743E-02
  2397   -5.494438357576E-02
  2398   -5.659087629388E-02
  2399   -5.795096534451E-02
  2400   -5.899655985318E-02
  2492   -4.643544431340E-02
  2493   -4.677660466578E-02
  2494   -4.702212418687E-02
  2495   -4.712599120851E-02
  2496   -4.720197136493E-02
  2497   -4.716880169019E-02
  2498   -4.781965005134E-02
  2499   -4.946679637723E-02
  2500   -5.087685035346E-02
  2595   -4.229356590742E-02
  2596   -4.237710949080E-02
  2597   -4.233919710380E-02
  2598   -4.223938935891E-02
  2599   -4.205313801856E-02
  2600   -4.243865150864E-02
  2698   -3.750209027816E-02
  2699   -3.730881336221E-02
  2700   -3.703892257852E-02
