    89   -3.262535158366E-02
    90   -3.109690540014E-02
    91   -2.948963035364E-02
    92   -2.790117129033E-02
    93   -2.632174956036E-02
    94   -2.470284854108E-02
    95   -2.308092146943E-02
    96   -2.145545320495E-02
    97   -1.981618976207E-02
    98   -1.816768418653E-02
    99   -1.647222763847E-02
   100   -1.479325548361E-02
   191   -3.348706116233E-02
   192   -3.192379131530E-02
   193   -3.032944319277E-02
   194   -2.875451630579E-02
   195   -2.714061557553E-02
   196   -2.548721047144E-02
   197   -2.387545704694E-02
   198   -2.221699630388E-02
   199   -2.061089268085E-02
   200   -1.889797223287E-02
   293   -3.432109623004E-02
   294   -3.272735106644E-02
   295   -3.113509633059E-02
   296   -2.954276392171E-02
   297   -2.792540027364E-02
   298   -2.626379572328E-02
   299   -2.464413230290E-02
   300   -2.300061486271E-02
   395   -3.515884043443E-02
   396   -3.355025154104E-02
   397   -3.192090413305E-02
   398   -3.032262580984E-02
   399   -2.867241531001E-02
   400   -2.579917424021E-02
   498   -3.432022629622E-02
   499   -3.148709325013E-02
   500   -2.851046748360E-02
