    89    5.115457333428E-01
    90    5.118122562817E-01
    91    5.120222390264E-01
    92    5.122329573875E-01
    93    5.125025618174E-01
    94    5.127053917266E-01
    95    5.129282103844E-01
    96    5.131437729445E-01
    97    5.133639406861E-01
    98    5.135768768395E-01
    99    5.137426885057E-01
   100    5.139766577621E-01
   191    5.118046515401E-01
   192    5.120493157952E-01
   193    5.122753546630E-01
   194    5.124895640324E-01
   195    5.127651732873E-01
   196    5.129287154473E-01
   197    5.131520620907E-01
   198    5.133605886998E-01
   199    5.136151849687E-01
   200    5.137946198005E-01
   293    5.120632703846E-01
   294    5.122807862245E-01
   295    5.125122645261E-01
   296    5.127507717458E-01
   297    5.129738698437E-01
   298    5.131787630032E-01
   299    5.134006508704E-01
   300    5.136258561231E-01
   395    5.123379173751E-01
   396    5.125477976483E-01
   397    5.127516087380E-01
   398    5.129848789193E-01
   399    5.132204780983E-01
   400    5.125577894779E-01
   498    5.128016251550E-01
   499    5.121763952750E-01
   500    5.114258841439E-01
