    89    5.103265388045E-01
    90    5.085386709861E-01
    91    5.067364305612E-01
    92    5.049464454507E-01
    93    5.031096138075E-01
    94    5.012990670073E-01
    95    4.994663997727E-01
    96    4.976316250561E-01
    97    4.957857673761E-01
    98    4.939333855087E-01
    99    4.920838274185E-01
   100    4.901769033174E-01
   191    5.109428153254E-01
   192    5.091464612777E-01
   193    5.073372232616E-01
   194    5.055562398725E-01
   195    5.036778615141E-01
   196    5.018710037270E-01
   197    5.000457383339E-01
   198    4.981892342980E-01
   199    4.963380798519E-01
   200    4.944578065545E-01
   293    5.115312380230E-01
   294    5.097296186022E-01
   295    5.079180496149E-01
   296    5.060952976241E-01
   297    5.042648623055E-01
   298    5.024106610273E-01
   299    5.005799953849E-01
   300    4.987201218763E-01
   395    5.121084144974E-01
   396    5.103015035297E-01
   397    5.084754874279E-01
   398    5.066558022785E-01
   399    5.047804250398E-01
   400    5.030128384807E-01
   498    5.108266012427E-01
   499    5.090592592928E-01
   500    5.072772754631E-01
