    89    1.075307943644E-02
    90    1.074597813234E-02
    91    1.073096076613E-02
    92    1.072176845221E-02
    93    1.070957393545E-02
    94    1.069838980713E-02
    95    1.068631131232E-02
    96    1.068005520438E-02
    97    1.066648169990E-02
    98    1.065742183832E-02
    99    1.064571171430E-02
   100    1.063969440410E-02
   191    1.073959429680E-02
   192    1.072801424243E-02
   193    1.071686526813E-02
   194    1.070871240089E-02
   195    1.069758077415E-02
   196    1.068749129715E-02
   197    1.067765662232E-02
   198    1.066717330605E-02
   199    1.065762786018E-02
   200    1.064554587792E-02
   293    1.072658782243E-02
   294    1.071694623975E-02
   295    1.070478218960E-02
   296    1.069669455180E-02
   297    1.068666812446E-02
   298    1.067437169277E-02
   299    1.066348604754E-02
   300    1.065463686339E-02
   395    1.071250856190E-02
   396    1.070095036303E-02
   397    1.069380796720E-02
   398    1.068194461203E-02
   399    1.067151217194E-02
   400    1.022854628163E-02
   498    1.069199989852E-02
   499    1.025143868226E-02
   500    9.807307876643E-03
