    30    2.182133042463E-02
    31    2.054082348621E-02
    32    1.936690769468E-02
    33    1.829761282439E-02
    34    1.732694819720E-02
    35    1.668607155700E-02
    36    1.607590232934E-02
    37    1.525664932940E-02
    38    1.450927777342E-02
    39    1.380902370697E-02
    40    1.316145760175E-02
    41    1.257451889849E-02
    42    1.203033408259E-02
    43    1.152730635489E-02
    44    1.136509923594E-02
    45    1.135112166811E-02
    46    1.133571569866E-02
    47    1.131680487020E-02
    48    1.130258061211E-02
    49    1.128765426268E-02
    50    1.126904048346E-02
    51    1.125843086768E-02
    52    1.123508221106E-02
    53    1.122480525442E-02
    54    1.121256298443E-02
    55    1.119308890475E-02
    56    1.118184343713E-02
    57    1.116568098424E-02
    58    1.114908028436E-02
    59    1.114149013234E-02
    60    1.112103857654E-02
    61    1.111214391611E-02
    62    1.109253571004E-02
    63    1.107910450099E-02
    64    1.106741956116E-02
    65    1.105320999902E-02
    66    1.103723092389E-02
    67    1.102664297773E-02
    68    1.101377345725E-02
    69    1.099766538854E-02
    70    1.098592836128E-02
    71    1.097038941625E-02
    72    1.095865349087E-02
    73    1.094580317319E-02
    74    1.093626614344E-02
    75    1.091920096468E-02
    76    1.090779474922E-02
    77    1.089667786565E-02
    78    1.088394136627E-02
    79    1.086916582898E-02
    80    1.085742596170E-02
    81    1.084282527911E-02
    82    1.083379369113E-02
    83    1.082321050959E-02
    84    1.080719165397E-02
    85    1.079766042525E-02
    86    1.078755546398E-02
    87    1.077527887556E-02
    88    1.076298066597E-02
   133    2.153982648900E-02
   134    2.037207681080E-02
   135    1.975129816794E-02
   136    1.861367356840E-02
   137    1.755975236096E-02
   138    1.659173597600E-02
   139    1.573505545979E-02
   140    1.494215352604E-02
   141    1.420620769991E-02
   142    1.354322121819E-02
   143    1.292031986465E-02
   144    1.234986090528E-02
   145    1.182154067781E-02
   146    1.134974083241E-02
   147    1.133465819197E-02
   148    1.131653579881E-02
   149    1.130329827455E-02
   150    1.128553289465E-02
   151    1.126825713304E-02
   152    1.125766737476E-02
   153    1.123711725779E-02
   154    1.122642021429E-02
   155    1.120488914827E-02
   156    1.119227528944E-02
   157    1.118062920398E-02
   158    1.116207307682E-02
   159    1.115048473207E-02
   160    1.113603962171E-02
   161    1.112084844610E-02
   162    1.110351091943E-02
   163    1.109560986377E-02
   164    1.107987588997E-02
   165    1.106280528179E-02
   166    1.105266505505E-02
   167    1.103542944991E-02
   168    1.102181773995E-02
   169    1.101065531078E-02
   170    1.099714336638E-02
   171    1.098469879672E-02
   172    1.097060133395E-02
   173    1.095727128240E-02
   174    1.094548123960E-02
   175    1.092942102409E-02
   176    1.091793756501E-02
   177    1.090665781787E-02
   178    1.089332801126E-02
   179    1.087970700392E-02
   180    1.087062294899E-02
   181    1.085518446057E-02
   182    1.084615452480E-02
   183    1.083243177140E-02
   184    1.082181412832E-02
   185    1.081035069713E-02
   186    1.079307354109E-02
   187    1.078589101042E-02
   188    1.077289224264E-02
   189    1.076403440588E-02
   190    1.074982978533E-02
   236    2.185263603855E-02
   237    2.051758187445E-02
   238    1.929993860096E-02
   239    1.817521501890E-02
   240    1.716552221497E-02
   241    1.625245424995E-02
   242    1.541709778284E-02
   243    1.464802581507E-02
   244    1.393580002869E-02
   245    1.329119618456E-02
   246    1.268367979381E-02
   247    1.213553676675E-02
   248    1.161641740465E-02
   249    1.131563030492E-02
   250    1.129655368980E-02
   251    1.127955547336E-02
   252    1.126940112228E-02
   253    1.125248137353E-02
   254    1.123690420374E-02
   255    1.122516506672E-02
   256    1.120820919794E-02
   257    1.118778876156E-02
   258    1.117832550277E-02
   259    1.116299013414E-02
   260    1.114771308941E-02
   261    1.113671297475E-02
   262    1.112076385436E-02
   263    1.110371801638E-02
   264    1.108762131231E-02
   265    1.107561613032E-02
   266    1.106362557200E-02
   267    1.104875199844E-02
   268    1.103268372343E-02
   269    1.102190328483E-02
   270    1.100762358777E-02
   271    1.099841829459E-02
   272    1.098129572030E-02
   273    1.096841160366E-02
   274    1.095336600391E-02
   275    1.094221433022E-02
   276    1.092920401390E-02
   277    1.091629244657E-02
   278    1.090570624034E-02
   279    1.089055750932E-02
   280    1.087926023723E-02
   281    1.086873927306E-02
   282    1.085687197124E-02
   283    1.084637940888E-02
   284    1.082898177462E-02
   285    1.081502377934E-02
   286    1.080872846646E-02
   287    1.079393608807E-02
   288    1.077984405202E-02
   289    1.077094213233E-02
   290    1.075832942892E-02
   291    1.075187321135E-02
   292    1.073905985923E-02
   339    2.130100058222E-02
   340    2.002354177358E-02
   341    1.882946239289E-02
   342    1.777742868060E-02
   343    1.680916060819E-02
   344    1.591082509322E-02
   345    1.509750750683E-02
   346    1.436475372294E-02
   347    1.366920973367E-02
   348    1.303644306841E-02
   349    1.245860946499E-02
   350    1.191874012738E-02
   351    1.142051596262E-02
   352    1.127779079477E-02
   353    1.126391583964E-02
   354    1.125335192025E-02
   355    1.124047755353E-02
   356    1.121994496714E-02
   357    1.120518076613E-02
   358    1.119006083642E-02
   359    1.117907605937E-02
   360    1.115774655238E-02
   361    1.114916511807E-02
   362    1.113063194920E-02
   363    1.111495471554E-02
   364    1.110328788108E-02
   365    1.109012814452E-02
   366    1.107802563663E-02
   367    1.106161305626E-02
   368    1.104626213283E-02
   369    1.103388792699E-02
   370    1.101904783576E-02
   371    1.100591890168E-02
   372    1.099448509582E-02
   373    1.097889822659E-02
   374    1.096356069925E-02
   375    1.095554626890E-02
   376    1.094140638244E-02
   377    1.092691478005E-02
   378    1.092015612295E-02
   379    1.090250480102E-02
   380    1.089076831692E-02
   381    1.087746205108E-02
   382    1.086432482094E-02
   383    1.085072613456E-02
   384    1.083987602483E-02
   385    1.082998177896E-02
   386    1.081815498391E-02
   387    1.080343805121E-02
   388    1.079111009956E-02
   389    1.078140458913E-02
   390    1.077120354026E-02
   391    1.075642484929E-02
   392    1.074557432559E-02
   393    1.073627958130E-02
   394    1.072723962167E-02
   442    2.078535967245E-02
   443    1.954016196125E-02
   444    1.841268271615E-02
   445    1.738064289817E-02
   446    1.643663614182E-02
   447    1.557834910813E-02
   448    1.479737959100E-02
   449    1.406985051026E-02
   450    1.341063907835E-02
   451    1.279800179515E-02
   452    1.223659168887E-02
   453    1.171379276480E-02
   454    1.126269991923E-02
   455    1.124936890030E-02
   456    1.123461862736E-02
   457    1.121794143159E-02
   458    1.120758268109E-02
   459    1.119205859937E-02
   460    1.117436172619E-02
   461    1.116068252689E-02
   462    1.114862935273E-02
   463    1.113218120670E-02
   464    1.111885199727E-02
   465    1.109981245748E-02
   466    1.108736508624E-02
   467    1.107530331384E-02
   468    1.105913756480E-02
   469    1.104642369126E-02
   470    1.103288189688E-02
   471    1.101949993597E-02
   472    1.100795436360E-02
   473    1.099186078565E-02
   474    1.097998892476E-02
   475    1.096342103047E-02
   476    1.095084683992E-02
   477    1.094010836260E-02
   478    1.092701638613E-02
   479    1.091195097460E-02
   480    1.089880964701E-02
   481    1.088692629090E-02
   482    1.087808430924E-02
   483    1.086361792966E-02
   484    1.084907594368E-02
   485    1.083470247450E-02
   486    1.082596474123E-02
   487    1.081365268391E-02
   488    1.080747683607E-02
   489    1.079482730234E-02
   490    1.078112532031E-02
   491    1.076656930962E-02
   492    1.075678193079E-02
   493    1.074780455314E-02
   494    1.073604336313E-02
   495    1.072334481833E-02
   496    1.071209736308E-02
   497    1.070025030258E-02
   544    2.141632184436E-02
   545    2.027625352164E-02
   546    1.908295282038E-02
   547    1.799457117465E-02
   548    1.699006843558E-02
   549    1.608566827353E-02
   550    1.526140495562E-02
   551    1.449464262782E-02
   552    1.380009031423E-02
   553    1.315016081639E-02
   554    1.256284247079E-02
   555    1.201916778544E-02
   556    1.150705845127E-02
   557    1.123484650757E-02
   558    1.121730278006E-02
   559    1.120192092831E-02
   560    1.118634354868E-02
   561    1.117372122141E-02
   562    1.115674560786E-02
   563    1.114545936606E-02
   564    1.112940994007E-02
   565    1.111704726714E-02
   566    1.109968040962E-02
   567    1.108570825730E-02
   568    1.107207687299E-02
   569    1.106022965052E-02
   570    1.104646308501E-02
   571    1.103379731210E-02
   572    1.101493251131E-02
   573    1.100142810925E-02
   574    1.098787518243E-02
   575    1.098041275918E-02
   576    1.095888212176E-02
   577    1.094875536331E-02
   578    1.093841385422E-02
   579    1.092509514422E-02
   580    1.091275775225E-02
   581    1.090021957776E-02
   582    1.088490775796E-02
   583    1.087950111913E-02
   584    1.085953056938E-02
   585    1.085428243715E-02
   586    1.083924297217E-02
   587    1.082480466651E-02
   588    1.081475406342E-02
   589    1.080253669331E-02
   590    1.079125627220E-02
   591    1.077767449579E-02
   592    1.076556859852E-02
   593    1.076031213588E-02
   594    1.074415111281E-02
   595    1.073139437286E-02
   596    1.072175469121E-02
   597    1.071203322930E-02
   598    1.027228513189E-02
   599    9.831188289803E-03
   600    9.400681356783E-03
   647    2.087340476685E-02
   648    1.979159147651E-02
   649    1.865296404345E-02
   650    1.758779708480E-02
   651    1.662580176529E-02
   652    1.574180098187E-02
   653    1.494600852343E-02
   654    1.420783093630E-02
   655    1.353187893087E-02
   656    1.291222153403E-02
   657    1.234008655867E-02
   658    1.180335536834E-02
   659    1.131305754660E-02
   660    1.120028363031E-02
   661    1.118988517895E-02
   662    1.117123105136E-02
   663    1.115549428437E-02
   664    1.114121814184E-02
   665    1.112821450405E-02
   666    1.111196905321E-02
   667    1.109694570499E-02
   668    1.108527692511E-02
   669    1.107044610663E-02
   670    1.105611436557E-02
   671    1.104223617256E-02
   672    1.102955452689E-02
   673    1.101361144560E-02
   674    1.100172295017E-02
   675    1.098996459756E-02
   676    1.097217132016E-02
   677    1.095848647763E-02
   678    1.094891127907E-02
   679    1.093435311285E-02
   680    1.092581697001E-02
   681    1.091334328263E-02
   682    1.089630626539E-02
   683    1.088292074421E-02
   684    1.086976226656E-02
   685    1.085818961759E-02
   686    1.085332578944E-02
   687    1.083586000613E-02
   688    1.082284702930E-02
   689    1.081105426774E-02
   690    1.080099824241E-02
   691    1.078493681892E-02
   692    1.077521932348E-02
   693    1.076467224264E-02
   694    1.075302409245E-02
   695    1.074336205401E-02
   696    1.073199065825E-02
   697    1.028570728465E-02
   698    9.848235179278E-03
   699    9.422114748108E-03
   700    9.004446448274E-03
   749    2.112583891870E-02
   750    2.033936941685E-02
   751    1.933392694913E-02
   752    1.820174727796E-02
   753    1.718769581592E-02
   754    1.626583242282E-02
   755    1.541069793666E-02
   756    1.464252970717E-02
   757    1.392882532812E-02
   758    1.326995866003E-02
   759    1.267143299943E-02
   760    1.211383648165E-02
   761    1.159937051875E-02
   762    1.118985635645E-02
   763    1.117125259177E-02
   764    1.115753863714E-02
   765    1.114037352929E-02
   766    1.112823990621E-02
   767    1.111664465408E-02
   768    1.109905407230E-02
   769    1.108431217917E-02
   770    1.106699029286E-02
   771    1.105537275469E-02
   772    1.103924480235E-02
   773    1.102417728696E-02
   774    1.101209265933E-02
   775    1.100158486289E-02
   776    1.098375151254E-02
   777    1.097287896206E-02
   778    1.096091813015E-02
   779    1.094648001805E-02
   780    1.093282599953E-02
   781    1.092038199123E-02
   782    1.090880479192E-02
   783    1.089515090911E-02
   784    1.088097452619E-02
   785    1.086585310687E-02
   786    1.085761858621E-02
   787    1.084584339424E-02
   788    1.083341718875E-02
   789    1.082174406750E-02
   790    1.080434330348E-02
   791    1.079827557230E-02
   792    1.078530705610E-02
   793    1.077576026391E-02
   794    1.076149142862E-02
   795    1.074879943059E-02
   796    1.029901292642E-02
   797    9.860313903252E-03
   798    9.431880516273E-03
   799    9.022238239462E-03
   800    8.618596557547E-03
   852    2.055492018001E-02
   853    1.982809415667E-02
   854    1.887106328300E-02
   855    1.778232859540E-02
   856    1.679562506985E-02
   857    1.590813543832E-02
   858    1.508949914801E-02
   859    1.434651827837E-02
   860    1.365543728370E-02
   861    1.302393184011E-02
   862    1.244409194354E-02
   863    1.189770818046E-02
   864    1.139788606131E-02
   865    1.115146139546E-02
   866    1.113905736777E-02
   867    1.112398854845E-02
   868    1.110576014174E-02
   869    1.109917838970E-02
   870    1.108184439537E-02
   871    1.107560801650E-02
   872    1.105382846564E-02
   873    1.104320591376E-02
   874    1.102501177470E-02
   875    1.101081286280E-02
   876    1.099695197762E-02
   877    1.098582274106E-02
   878    1.097458744557E-02
   879    1.095911710598E-02
   880    1.093988651893E-02
   881    1.093159402879E-02
   882    1.091853845389E-02
   883    1.090856137325E-02
   884    1.089239191961E-02
   885    1.087626617100E-02
   886    1.086901323974E-02
   887    1.085469515679E-02
   888    1.084346331071E-02
   889    1.083171921214E-02
   890    1.081998908593E-02
   891    1.080725803662E-02
   892    1.079354117481E-02
   893    1.078403034567E-02
   894    1.075184189872E-02
   895    1.030632904830E-02
   896    9.871276611888E-03
   897    9.445352195367E-03
   898    9.034885780519E-03
   899    8.633630692302E-03
   900    8.248680813634E-03
   954    2.078505876243E-02
   955    2.001692578755E-02
   956    1.934167704497E-02
   957    1.843146707700E-02
   958    1.739107363332E-02
   959    1.644173872284E-02
   960    1.557871284636E-02
   961    1.478677682774E-02
   962    1.406021838421E-02
   963    1.339171266172E-02
   964    1.277478095435E-02
   965    1.220841130969E-02
   966    1.168826630482E-02
   967    1.120346123083E-02
   968    1.112385765644E-02
   969    1.111039647559E-02
   970    1.108852933718E-02
   971    1.107945687066E-02
   972    1.106595879272E-02
   973    1.105085206761E-02
   974    1.103498347393E-02
   975    1.102358896582E-02
   976    1.101329843606E-02
   977    1.099497534098E-02
   978    1.098126713592E-02
   979    1.097053550166E-02
   980    1.095555064512E-02
   981    1.093975748541E-02
   982    1.093331316870E-02
   983    1.091654458331E-02
   984    1.090648601967E-02
   985    1.089386735782E-02
   986    1.087947172892E-02
   987    1.086399941726E-02
   988    1.085429893483E-02
   989    1.084162635781E-02
   990    1.083412669881E-02
   991    1.081624841758E-02
   992    1.080356785625E-02
   993    1.075106741337E-02
   994    1.030598001010E-02
   995    9.877150134489E-03
   996    9.454466781945E-03
   997    9.043436737719E-03
   998    8.646119852906E-03
   999    8.260991116607E-03
  1000    7.889990585538E-03
  1056    2.099777577936E-02
  1057    2.025890474001E-02
  1058    1.954212588875E-02
  1059    1.889131215020E-02
  1060    1.800774595851E-02
  1061    1.699066586806E-02
  1062    1.608222556311E-02
  1063    1.524120223099E-02
  1064    1.447650742158E-02
  1065    1.378309737714E-02
  1066    1.313461085755E-02
  1067    1.253756570062E-02
  1068    1.199269900485E-02
  1069    1.148084736983E-02
  1070    1.110716619404E-02
  1071    1.109336388174E-02
  1072    1.107341629136E-02
  1073    1.106467780591E-02
  1074    1.104684649703E-02
  1075    1.103773361745E-02
  1076    1.102557976181E-02
  1077    1.101071155846E-02
  1078    1.100057985435E-02
  1079    1.098139177160E-02
  1080    1.096829955830E-02
  1081    1.095409592412E-02
  1082    1.094191911211E-02
  1083    1.093133717091E-02
  1084    1.091392548250E-02
  1085    1.090051660577E-02
  1086    1.088851446003E-02
  1087    1.087742690631E-02
  1088    1.086657886906E-02
  1089    1.085182133155E-02
  1090    1.084296644496E-02
  1091    1.083155752204E-02
  1092    1.074920081916E-02
  1093    1.030804759049E-02
  1094    9.878414042044E-03
  1095    9.460162919971E-03
  1096    9.049729585991E-03
  1097    8.656499266056E-03
  1098    8.271858999239E-03
  1099    7.900915774589E-03
  1100    7.545553084571E-03
  1159    2.047652112404E-02
  1160    1.975134422147E-02
  1161    1.908354287835E-02
  1162    1.845629015519E-02
  1163    1.758364526346E-02
  1164    1.661634535701E-02
  1165    1.572378357833E-02
  1166    1.491579438728E-02
  1167    1.419136000571E-02
  1168    1.351450805701E-02
  1169    1.288977792093E-02
  1170    1.231037302703E-02
  1171    1.177529432610E-02
  1172    1.128314639442E-02
  1173    1.107613399470E-02
  1174    1.106379651877E-02
  1175    1.104814272873E-02
  1176    1.103709490419E-02
  1177    1.102047139879E-02
  1178    1.100786102381E-02
  1179    1.099396940279E-02
  1180    1.097677497170E-02
  1181    1.096392847273E-02
  1182    1.095494855346E-02
  1183    1.093545365402E-02
  1184    1.092759944294E-02
  1185    1.091421527911E-02
  1186    1.090194651705E-02
  1187    1.088582883124E-02
  1188    1.087522483273E-02
  1189    1.086211249788E-02
  1190    1.085086110509E-02
  1191    1.073939980564E-02
  1192    1.030212019703E-02
  1193    9.877030146131E-03
  1194    9.459824200682E-03
  1195    9.053381716485E-03
  1196    8.660335546584E-03
  1197    8.275129561615E-03
  1198    7.909076610141E-03
  1199    7.555332080957E-03
  1200    7.214996453655E-03
  1261    2.069556054924E-02
  1262    1.995115762893E-02
  1263    1.926679290799E-02
  1264    1.863232857858E-02
  1265    1.806508090584E-02
  1266    1.718424280478E-02
  1267    1.624955327755E-02
  1268    1.539782271745E-02
  1269    1.461674669963E-02
  1270    1.390153094430E-02
  1271    1.324936092807E-02
  1272    1.264955958286E-02
  1273    1.208906460059E-02
  1274    1.156450994450E-02
  1275    1.108905568890E-02
  1276    1.104649051189E-02
  1277    1.103162579033E-02
  1278    1.101893597815E-02
  1279    1.100526720249E-02
  1280    1.099127097852E-02
  1281    1.097952308690E-02
  1282    1.096596916077E-02
  1283    1.095457989965E-02
  1284    1.093547605208E-02
  1285    1.092373417620E-02
  1286    1.091649364717E-02
  1287    1.089871283133E-02
  1288    1.088597512882E-02
  1289    1.087168443207E-02
  1290    1.073645619525E-02
  1291    1.029854241505E-02
  1292    9.872436284227E-03
  1293    9.456562210350E-03
  1294    9.052993091160E-03
  1295    8.659928306810E-03
  1296    8.281512823247E-03
  1297    7.913380395329E-03
  1298    7.560959082296E-03
  1299    7.223486627279E-03
  1300    6.897688926186E-03
  1364    2.017261154619E-02
  1365    1.946832772029E-02
  1366    1.880857417473E-02
  1367    1.820358754195E-02
  1368    1.762921149114E-02
  1369    1.680310555368E-02
  1370    1.589051187033E-02
  1371    1.507282023678E-02
  1372    1.431844253389E-02
  1373    1.363216386248E-02
  1374    1.299636048698E-02
  1375    1.240760454209E-02
  1376    1.186530840278E-02
  1377    1.136246103228E-02
  1378    1.102973564582E-02
  1379    1.101347513797E-02
  1380    1.100317307453E-02
  1381    1.099017534162E-02
  1382    1.097506466713E-02
  1383    1.096254765022E-02
  1384    1.094733775238E-02
  1385    1.093593846104E-02
  1386    1.092409732357E-02
  1387    1.091081989258E-02
  1388    1.089940229091E-02
  1389    1.072238129239E-02
  1390    1.028381345289E-02
  1391    9.864042114652E-03
  1392    9.451364874987E-03
  1393    9.048567205099E-03
  1394    8.659960067573E-03
  1395    8.280789258520E-03
  1396    7.916950479653E-03
  1397    7.566008299828E-03
  1398    7.225502788977E-03
  1399    6.907554349029E-03
  1400    6.595003271499E-03
  1466    2.037359028003E-02
  1467    1.964257146394E-02
  1468    1.898072334529E-02
  1469    1.836647967333E-02
  1470    1.778710532203E-02
  1471    1.727063668375E-02
  1472    1.641278757201E-02
  1473    1.554846295343E-02
  1474    1.474934353549E-02
  1475    1.403419962255E-02
  1476    1.335850512970E-02
  1477    1.274486568955E-02
  1478    1.217440724945E-02
  1479    1.165379693730E-02
  1480    1.116140562550E-02
  1481    1.100255377187E-02
  1482    1.098683912384E-02
  1483    1.097579701231E-02
  1484    1.096359120816E-02
  1485    1.094182644873E-02
  1486    1.094087560235E-02
  1487    1.092647440710E-02
  1488    1.069906522749E-02
  1489    1.027416536827E-02
  1490    9.852585538301E-03
  1491    9.442420430263E-03
  1492    9.047254089459E-03
  1493    8.653418630816E-03
  1494    8.278112572701E-03
  1495    7.918595107722E-03
  1496    7.568909538650E-03
  1497    7.228005736536E-03
  1498    6.909248783221E-03
  1499    6.603739334523E-03
  1500    6.308506299049E-03
  1569    1.985275373750E-02
  1570    1.917570270963E-02
  1571    1.853455877872E-02
  1572    1.795823044900E-02
  1573    1.741377586926E-02
  1574    1.688989661848E-02
  1575    1.606262183462E-02
  1576    1.522067013047E-02
  1577    1.446126041527E-02
  1578    1.374809969678E-02
  1579    1.309610102153E-02
  1580    1.250241989071E-02
  1581    1.195675431720E-02
  1582    1.144245983946E-02
  1583    1.098737535158E-02
  1584    1.096967932303E-02
  1585    1.096027877082E-02
  1586    1.094065039635E-02
  1587    1.068347678815E-02
  1588    1.025623931031E-02
  1589    9.837425065122E-03
  1590    9.429361905212E-03
  1591    9.034768002094E-03
  1592    8.648271815867E-03
  1593    8.271082848614E-03
  1594    7.908667568966E-03
  1595    7.566264419699E-03
  1596    7.232432834200E-03
  1597    6.911067448677E-03
  1598    6.604357497562E-03
  1599    6.314685075164E-03
  1600    6.035528969203E-03
  1671    2.004922876036E-02
  1672    1.937714338946E-02
  1673    1.871699460645E-02
  1674    1.813849735775E-02
  1675    1.757218831958E-02
  1676    1.703704520201E-02
  1677    1.655082536976E-02
  1678    1.571622186127E-02
  1679    1.490308890777E-02
  1680    1.414925411364E-02
  1681    1.347435618218E-02
  1682    1.284904440363E-02
  1683    1.226947192118E-02
  1684    1.173698466690E-02
  1685    1.124120966739E-02
  1686    1.065744388543E-02
  1687    1.023557913099E-02
  1688    9.819510483980E-03
  1689    9.415269521401E-03
  1690    9.021071231685E-03
  1691    8.639007974168E-03
  1692    8.266028531643E-03
  1693    7.907632337594E-03
  1694    7.560143477163E-03
  1695    7.228658818860E-03
  1696    6.912779001386E-03
  1697    6.604219629438E-03
  1698    6.313652443004E-03
  1699    6.037095836258E-03
  1700    5.775752224011E-03
  1773    2.023154472718E-02
  1774    1.955718114353E-02
  1775    1.890097477414E-02
  1776    1.826650849051E-02
  1777    1.772282788809E-02
  1778    1.720133006402E-02
  1779    1.668084233577E-02
  1780    1.622311955855E-02
  1781    1.537104306896E-02
  1782    1.458661711022E-02
  1783    1.387194906651E-02
  1784    1.320891070443E-02
  1785    1.241028908245E-02
  1786    1.139802275739E-02
  1787    1.040810168654E-02
  1788    9.445805620049E-03
  1789    9.005882848726E-03
  1790    8.625526380961E-03
  1791    8.256445166981E-03
  1792    7.899358218518E-03
  1793    7.554959214396E-03
  1794    7.226011327693E-03
  1795    6.907670007796E-03
  1796    6.605330498236E-03
  1797    6.311327309256E-03
  1798    6.037209608566E-03
  1799    5.775911762454E-03
  1800    5.530059988797E-03
  1876    1.950673179392E-02
  1877    1.891746630529E-02
  1878    1.834182449925E-02
  1879    1.776738915742E-02
  1880    1.721268588861E-02
  1881    1.666486771401E-02
  1882    1.611901158306E-02
  1883    1.553908680674E-02
  1884    1.449836129275E-02
  1885    1.345939509919E-02
  1886    1.242911840861E-02
  1887    1.141563327228E-02
  1888    1.041628533136E-02
  1889    9.440545293873E-03
  1890    8.500652612151E-03
  1891    7.889577314930E-03
  1892    7.546945281300E-03
  1893    7.215760569575E-03
  1894    6.900548538353E-03
  1895    6.600820653064E-03
  1896    6.314626107041E-03
  1897    6.036506424172E-03
  1898    5.773453191192E-03
  1899    5.529438174767E-03
  1900    5.296320304235E-03
  1979    1.748948597518E-02
  1980    1.691853981532E-02
  1981    1.635513278835E-02
  1982    1.579332248560E-02
  1983    1.524459831472E-02
  1984    1.471632347085E-02
  1985    1.419347358127E-02
  1986    1.350301343619E-02
  1987    1.247004459247E-02
  1988    1.145039194400E-02
  1989    1.044592027782E-02
  1990    9.464515461598E-03
  1991    8.516679112447E-03
  1992    7.607163335907E-03
  1993    6.893569014276E-03
  1994    6.593710962488E-03
  1995    6.306748842660E-03
  1996    6.035326693328E-03
  1997    5.774760968812E-03
  1998    5.527562451480E-03
  1999    5.294172106877E-03
  2000    5.073314325280E-03
  2081    1.609558126737E-02
  2082    1.552840070576E-02
  2083    1.497134104377E-02
  2084    1.442326169692E-02
  2085    1.389611186400E-02
  2086    1.337177343945E-02
  2087    1.286716116528E-02
  2088    1.237435727894E-02
  2089    1.151747441654E-02
  2090    1.050000459574E-02
  2091    9.512876121627E-03
  2092    8.558447939629E-03
  2093    7.636167748847E-03
  2094    6.769731983858E-03
  2095    6.029956265226E-03
  2096    5.771568013868E-03
  2097    5.524490480225E-03
  2098    5.292035619708E-03
  2099    5.074914516951E-03
  2100    4.868653572853E-03
  2184    1.419160267401E-02
  2185    1.364705949895E-02
  2186    1.311145404258E-02
  2187    1.260081624824E-02
  2188    1.209132734048E-02
  2189    1.161249320432E-02
  2190    1.114245368175E-02
  2191    1.058506027550E-02
  2192    9.588573123364E-03
  2193    8.622446286505E-03
  2194    7.691985103931E-03
  2195    6.810795465195E-03
  2196    5.995561666683E-03
  2197    5.290112682824E-03
  2198    5.071574851352E-03
  2199    4.865463114756E-03
  2200    4.670068450863E-03
  2287    1.237692488325E-02
  2288    1.186010550726E-02
  2289    1.137350336177E-02
  2290    1.089015826626E-02
  2291    1.044321474185E-02
  2292    9.998953999467E-03
  2293    9.581010144194E-03
  2294    8.709118524913E-03
  2295    7.770431905506E-03
  2296    6.878526484734E-03
  2297    6.049721830353E-03
  2298    5.293896352681E-03
  2299    4.667684361353E-03
  2300    4.485717792572E-03
  2390    1.068978231655E-02
  2391    1.022217380576E-02
  2392    9.775956476700E-03
  2393    9.350467931221E-03
  2394    8.947327728212E-03
  2395    8.561330262101E-03
  2396    7.875561175199E-03
  2397    6.973647743511E-03
  2398    6.124031625743E-03
  2399    5.348178806218E-03
  2400    4.663094040944E-03
  2492    9.595966012141E-03
  2493    9.158537205158E-03
  2494    8.742419759489E-03
  2495    8.364792328505E-03
  2496    7.988278127464E-03
  2497    7.640986164219E-03
  2498    7.081175229296E-03
  2499    6.222857962203E-03
  2500    5.431623363836E-03
  2595    8.193188511643E-03
  2596    7.814885987965E-03
  2597    7.464680683300E-03
  2598    7.135940429259E-03
  2599    6.822306244594E-03
  2600    6.338458234054E-03
  2698    6.979217608585E-03
  2699    6.669688284842E-03
  2700    6.381943819452E-03
