    30    5.621268433644E-01
    31    5.576121758616E-01
    32    5.528561341298E-01
    33    5.480184415193E-01
    34    5.430137803268E-01
    35    5.395479941531E-01
    36    5.357737057633E-01
    37    5.303667555878E-01
    38    5.249139784468E-01
    39    5.194175968381E-01
    40    5.137970915079E-01
    41    5.083038798017E-01
    42    5.026430212619E-01
    43    4.969817194763E-01
    44    4.950039240156E-01
    45    4.947097891764E-01
    46    4.943920254279E-01
    47    4.941054038024E-01
    48    4.938080941758E-01
    49    4.935192562479E-01
    50    4.931826994116E-01
    51    4.929371192594E-01
    52    4.926434696535E-01
    53    4.923426678175E-01
    54    4.920936710209E-01
    55    4.917489930941E-01
    56    4.915020328779E-01
    57    4.912055379007E-01
    58    4.909180080280E-01
    59    4.906132653752E-01
    60    4.903642492583E-01
    61    4.900851605226E-01
    62    4.898043772068E-01
    63    4.895959884493E-01
    64    4.892483907504E-01
    65    4.889872048726E-01
    66    4.887007011086E-01
    67    4.884368083508E-01
    68    4.881631279812E-01
    69    4.879036822070E-01
    70    4.876231555897E-01
    71    4.872835739761E-01
    72    4.871013065805E-01
    73    4.868487773049E-01
    74    4.865920032383E-01
    75    4.863143862819E-01
    76    4.860698240300E-01
    77    4.858406563757E-01
    78    4.855555739229E-01
    79    4.852853574607E-01
    80    4.850606487515E-01
    81    4.848338082244E-01
    82    4.845663202817E-01
    83    4.843257713432E-01
    84    4.840703573578E-01
    85    4.838337018634E-01
    86    4.836102837950E-01
    87    4.833676661877E-01
    88    4.831314747089E-01
   133    5.607529877841E-01
   134    5.565410982361E-01
   135    5.540012119095E-01
   136    5.490088377663E-01
   137    5.438773911657E-01
   138    5.386950484011E-01
   139    5.333420674672E-01
   140    5.279223039468E-01
   141    5.224301197055E-01
   142    5.169325945856E-01
   143    5.113427315978E-01
   144    5.057379746893E-01
   145    5.001075877441E-01
   146    4.946587508455E-01
   147    4.943713016909E-01
   148    4.940761335227E-01
   149    4.937645310414E-01
   150    4.934669935348E-01
   151    4.932180741663E-01
   152    4.928846793574E-01
   153    4.925831046445E-01
   154    4.923229937450E-01
   155    4.920264583822E-01
   156    4.917663839255E-01
   157    4.914582820428E-01
   158    4.911317085872E-01
   159    4.908641037669E-01
   160    4.906019918116E-01
   161    4.903146928845E-01
   162    4.900406711737E-01
   163    4.897365086349E-01
   164    4.894818802226E-01
   165    4.891977517860E-01
   166    4.889180191476E-01
   167    4.886125597318E-01
   168    4.884094820832E-01
   169    4.881303574102E-01
   170    4.878535138383E-01
   171    4.875921959933E-01
   172    4.873263878633E-01
   173    4.870678343973E-01
   174    4.867882892301E-01
   175    4.865595085452E-01
   176    4.862913286210E-01
   177    4.859965981286E-01
   178    4.858240378069E-01
   179    4.855162248264E-01
   180    4.852729909079E-01
   181    4.850462087853E-01
   182    4.847923536157E-01
   183    4.845322279195E-01
   184    4.842986562316E-01
   185    4.840398029012E-01
   186    4.837908214323E-01
   187    4.835103479041E-01
   188    4.833341648131E-01
   189    4.830961248733E-01
   190    4.828724611898E-01
   236    5.613685377250E-01
   237    5.565514901449E-01
   238    5.516761937267E-01
   239    5.466523219205E-01
   240    5.414983619355E-01
   241    5.362116169976E-01
   242    5.308822652350E-01
   243    5.254282817881E-01
   244    5.199776604587E-01
   245    5.144134424951E-01
   246    5.088416087087E-01
   247    5.032398730250E-01
   248    4.975923395701E-01
   249    4.940037812347E-01
   250    4.937001937500E-01
   251    4.933965804190E-01
   252    4.931414923757E-01
   253    4.928366508634E-01
   254    4.925374084512E-01
   255    4.922687155734E-01
   256    4.919424980393E-01
   257    4.916956193637E-01
   258    4.913959995734E-01
   259    4.911145401545E-01
   260    4.908223649334E-01
   261    4.905574199424E-01
   262    4.902769807608E-01
   263    4.899841552778E-01
   264    4.897195112725E-01
   265    4.894347365047E-01
   266    4.891645207929E-01
   267    4.888832009542E-01
   268    4.886241041365E-01
   269    4.883507112824E-01
   270    4.880904547074E-01
   271    4.878005108296E-01
   272    4.875565191466E-01
   273    4.872956296064E-01
   274    4.870418413928E-01
   275    4.867786846853E-01
   276    4.865056930659E-01
   277    4.862510221870E-01
   278    4.859958582599E-01
   279    4.857500280510E-01
   280    4.855163432737E-01
   281    4.852526233789E-01
   282    4.850074612741E-01
   283    4.847413112221E-01
   284    4.844968060043E-01
   285    4.842513045924E-01
   286    4.840295213604E-01
   287    4.837855381695E-01
   288    4.835062330124E-01
   289    4.832911719134E-01
   290    4.830792098511E-01
   291    4.827659292269E-01
   292    4.826262652891E-01
   339    5.591501266236E-01
   340    5.543179549917E-01
   341    5.493770928149E-01
   342    5.442693555760E-01
   343    5.390925876252E-01
   344    5.337997380955E-01
   345    5.284119038254E-01
   346    5.229796624707E-01
   347    5.174830025219E-01
   348    5.119394002568E-01
   349    5.063451288578E-01
   350    5.007252932289E-01
   351    4.951088184958E-01
   352    4.934179382722E-01
   353    4.930925465929E-01
   354    4.928139573675E-01
   355    4.924995919963E-01
   356    4.921930299135E-01
   357    4.919273262419E-01
   358    4.916285967022E-01
   359    4.913368363452E-01
   360    4.910459867497E-01
   361    4.907861570749E-01
   362    4.905028711476E-01
   363    4.902115241629E-01
   364    4.899862847589E-01
   365    4.896830861145E-01
   366    4.894321383060E-01
   367    4.891308896694E-01
   368    4.888563510220E-01
   369    4.885649392802E-01
   370    4.883135904515E-01
   371    4.880216684931E-01
   372    4.877844540118E-01
   373    4.875302068665E-01
   374    4.872484021843E-01
   375    4.870086165146E-01
   376    4.867262741617E-01
   377    4.864810072281E-01
   378    4.862093199464E-01
   379    4.859394303974E-01
   380    4.856785948726E-01
   381    4.854596599783E-01
   382    4.852087158421E-01
   383    4.849583240539E-01
   384    4.847336881733E-01
   385    4.844622792956E-01
   386    4.842096467661E-01
   387    4.839823622425E-01
   388    4.837308476185E-01
   389    4.835234868324E-01
   390    4.832782385360E-01
   391    4.830543146569E-01
   392    4.827858154063E-01
   393    4.825855775404E-01
   394    4.823988757339E-01
   442    5.569117469382E-01
   443    5.520256377527E-01
   444    5.470369086692E-01
   445    5.419065826462E-01
   446    5.367178772686E-01
   447    5.313694719259E-01
   448    5.259724492946E-01
   449    5.205170576269E-01
   450    5.149948750755E-01
   451    5.094575169859E-01
   452    5.038313138622E-01
   453    4.982056794194E-01
   454    4.930513405853E-01
   455    4.927461856470E-01
   456    4.924649391997E-01
   457    4.921728959800E-01
   458    4.919020473589E-01
   459    4.915884909596E-01
   460    4.912915146866E-01
   461    4.910371333355E-01
   462    4.907376316551E-01
   463    4.904964387765E-01
   464    4.901775286882E-01
   465    4.899474818136E-01
   466    4.896421860497E-01
   467    4.893894130679E-01
   468    4.890811430914E-01
   469    4.888181421534E-01
   470    4.885438706829E-01
   471    4.882905878678E-01
   472    4.879791747018E-01
   473    4.877484379447E-01
   474    4.874956849523E-01
   475    4.872179229730E-01
   476    4.869767722577E-01
   477    4.866908083755E-01
   478    4.864576616572E-01
   479    4.861541005628E-01
   480    4.859176878240E-01
   481    4.856623067585E-01
   482    4.854253136687E-01
   483    4.851691137251E-01
   484    4.848914254999E-01
   485    4.846637911343E-01
   486    4.844289376878E-01
   487    4.841537717517E-01
   488    4.839185894155E-01
   489    4.837151644755E-01
   490    4.835095434184E-01
   491    4.832465863559E-01
   492    4.830253874015E-01
   493    4.827993573324E-01
   494    4.825541188209E-01
   495    4.823290721874E-01
   496    4.820981831192E-01
   497    4.819206270092E-01
   544    5.588803582778E-01
   545    5.546327972273E-01
   546    5.497871321995E-01
   547    5.446577214402E-01
   548    5.395345089177E-01
   549    5.342740021569E-01
   550    5.289159095264E-01
   551    5.235202006626E-01
   552    5.180373650576E-01
   553    5.125039115474E-01
   554    5.069152089103E-01
   555    5.013162812131E-01
   556    4.957409082890E-01
   557    4.924238369626E-01
   558    4.921157305359E-01
   559    4.918554328302E-01
   560    4.915330321319E-01
   561    4.912881111572E-01
   562    4.909750359566E-01
   563    4.906952755405E-01
   564    4.904199221516E-01
   565    4.901378838058E-01
   566    4.898490330003E-01
   567    4.896154857270E-01
   568    4.893014582274E-01
   569    4.890415736008E-01
   570    4.887661229647E-01
   571    4.885348738333E-01
   572    4.882289665645E-01
   573    4.879862094992E-01
   574    4.876847511473E-01
   575    4.874283857224E-01
   576    4.871787812631E-01
   577    4.869117032314E-01
   578    4.866656450144E-01
   579    4.864394552346E-01
   580    4.861354832907E-01
   581    4.858806722525E-01
   582    4.856313203259E-01
   583    4.853354772588E-01
   584    4.851456193199E-01
   585    4.848767409602E-01
   586    4.846604768875E-01
   587    4.844052251291E-01
   588    4.841609787689E-01
   589    4.839136092378E-01
   590    4.836351917857E-01
   591    4.834578244897E-01
   592    4.832066370973E-01
   593    4.830031523891E-01
   594    4.827441818761E-01
   595    4.825007969359E-01
   596    4.823056524776E-01
   597    4.820702240858E-01
   598    4.829245462568E-01
   599    4.839036942334E-01
   600    4.849652862610E-01
   647    5.565336721926E-01
   648    5.523660155003E-01
   649    5.473803007905E-01
   650    5.423177251202E-01
   651    5.371051284733E-01
   652    5.318450419339E-01
   653    5.264758222489E-01
   654    5.210337490783E-01
   655    5.155339400249E-01
   656    5.099996826006E-01
   657    5.044169353886E-01
   658    4.988063055845E-01
   659    4.932039535622E-01
   660    4.917884712358E-01
   661    4.914780321349E-01
   662    4.912275173553E-01
   663    4.909707881762E-01
   664    4.906534622202E-01
   665    4.903732266049E-01
   666    4.901100444171E-01
   667    4.898356002496E-01
   668    4.895365551668E-01
   669    4.892946681270E-01
   670    4.889792433317E-01
   671    4.887343949495E-01
   672    4.884686688347E-01
   673    4.881882367727E-01
   674    4.879486382779E-01
   675    4.876667403829E-01
   676    4.873974959546E-01
   677    4.871407700037E-01
   678    4.868994687243E-01
   679    4.866234069462E-01
   680    4.863537701205E-01
   681    4.861078589442E-01
   682    4.858844666909E-01
   683    4.856191122020E-01
   684    4.853675956591E-01
   685    4.851193599336E-01
   686    4.848793423705E-01
   687    4.846347354180E-01
   688    4.843538084472E-01
   689    4.841447847339E-01
   690    4.838894098516E-01
   691    4.836572339415E-01
   692    4.834171213573E-01
   693    4.831134048133E-01
   694    4.829390008454E-01
   695    4.827085323149E-01
   696    4.824783298063E-01
   697    4.833324810497E-01
   698    4.843087389535E-01
   699    4.853544698415E-01
   700    4.864781485186E-01
   749    5.574375384131E-01
   750    5.541900312639E-01
   751    5.500557508125E-01
   752    5.450441169243E-01
   753    5.399345354742E-01
   754    5.346933654285E-01
   755    5.294567566285E-01
   756    5.240088785010E-01
   757    5.185865298461E-01
   758    5.130310070757E-01
   759    5.075094018983E-01
   760    5.019071682581E-01
   761    4.963146430817E-01
   762    4.914498007915E-01
   763    4.911739536435E-01
   764    4.909032420134E-01
   765    4.906150567918E-01
   766    4.903395703536E-01
   767    4.900706214949E-01
   768    4.897393817610E-01
   769    4.895235179942E-01
   770    4.892367216024E-01
   771    4.889700487885E-01
   772    4.887403452239E-01
   773    4.884062879828E-01
   774    4.881662745640E-01
   775    4.878875086793E-01
   776    4.876395866201E-01
   777    4.873694175842E-01
   778    4.871115992363E-01
   779    4.868467981278E-01
   780    4.865931951458E-01
   781    4.863334620682E-01
   782    4.860882297745E-01
   783    4.858323380163E-01
   784    4.855677208685E-01
   785    4.852965365960E-01
   786    4.850807284597E-01
   787    4.848206567436E-01
   788    4.846031924536E-01
   789    4.843439669029E-01
   790    4.841444461094E-01
   791    4.838650854966E-01
   792    4.836128864833E-01
   793    4.833851999078E-01
   794    4.831566165383E-01
   795    4.829514666342E-01
   796    4.837880770299E-01
   797    4.847186820467E-01
   798    4.857386514327E-01
   799    4.868741235867E-01
   800    4.880757105247E-01
   852    5.551224418474E-01
   853    5.519723770613E-01
   854    5.477591515237E-01
   855    5.427059328753E-01
   856    5.375990351705E-01
   857    5.322999102305E-01
   858    5.269801170539E-01
   859    5.214970881873E-01
   860    5.160644507765E-01
   861    5.105473259257E-01
   862    5.049781317043E-01
   863    4.994159136838E-01
   864    4.938054317610E-01
   865    4.908706605122E-01
   866    4.905751673066E-01
   867    4.903252835508E-01
   868    4.900035735600E-01
   869    4.897371158003E-01
   870    4.894704412413E-01
   871    4.891820573103E-01
   872    4.889140847331E-01
   873    4.885763186731E-01
   874    4.883258032369E-01
   875    4.881005345993E-01
   876    4.878539938075E-01
   877    4.875864771755E-01
   878    4.873274115650E-01
   879    4.870738545144E-01
   880    4.868589221512E-01
   881    4.865320028110E-01
   882    4.862991506890E-01
   883    4.860161043561E-01
   884    4.857761808946E-01
   885    4.855099826678E-01
   886    4.852416653233E-01
   887    4.850315741065E-01
   888    4.848033243560E-01
   889    4.845461902364E-01
   890    4.843122806254E-01
   891    4.840738442304E-01
   892    4.838316288598E-01
   893    4.835763814023E-01
   894    4.834092493934E-01
   895    4.842454866009E-01
   896    4.851759864967E-01
   897    4.861777917697E-01
   898    4.872852776912E-01
   899    4.884644009142E-01
   900    4.897611376910E-01
   954    5.559910569804E-01
   955    5.527981716434E-01
   956    5.496337564466E-01
   957    5.454384051870E-01
   958    5.403200586447E-01
   959    5.351415236074E-01
   960    5.298644426651E-01
   961    5.244859831827E-01
   962    5.190690536102E-01
   963    5.135936136997E-01
   964    5.080680865639E-01
   965    5.024767545094E-01
   966    4.968928073690E-01
   967    4.913021198556E-01
   968    4.902426688444E-01
   969    4.899625423432E-01
   970    4.897080700058E-01
   971    4.894196795678E-01
   972    4.891734289616E-01
   973    4.888828222597E-01
   974    4.886177990112E-01
   975    4.883389640805E-01
   976    4.880782866331E-01
   977    4.878172892648E-01
   978    4.875662254858E-01
   979    4.872821538314E-01
   980    4.870210763243E-01
   981    4.867815442637E-01
   982    4.865059543937E-01
   983    4.862532277526E-01
   984    4.860009796704E-01
   985    4.857663683894E-01
   986    4.854877011615E-01
   987    4.852615533363E-01
   988    4.850022629928E-01
   989    4.847494065621E-01
   990    4.845334890239E-01
   991    4.842805577844E-01
   992    4.840374871587E-01
   993    4.838951009198E-01
   994    4.847131465536E-01
   995    4.856378200653E-01
   996    4.866310348565E-01
   997    4.877012144135E-01
   998    4.888777490196E-01
   999    4.901390862930E-01
  1000    4.915030801236E-01
  1056    5.567943061470E-01
  1057    5.536253007890E-01
  1058    5.505099654758E-01
  1059    5.473174647362E-01
  1060    5.430518985355E-01
  1061    5.380311031443E-01
  1062    5.327456526341E-01
  1063    5.274192658636E-01
  1064    5.220437634722E-01
  1065    5.165713362552E-01
  1066    5.110850306863E-01
  1067    5.055346297494E-01
  1068    4.999786196735E-01
  1069    4.944042704621E-01
  1070    4.899120981912E-01
  1071    4.896549759966E-01
  1072    4.893951732321E-01
  1073    4.891330033375E-01
  1074    4.888309754918E-01
  1075    4.885899590568E-01
  1076    4.883101164762E-01
  1077    4.880476659278E-01
  1078    4.877772913534E-01
  1079    4.875266323822E-01
  1080    4.872671478242E-01
  1081    4.869753820249E-01
  1082    4.867086554390E-01
  1083    4.864850014129E-01
  1084    4.861916282508E-01
  1085    4.859663446498E-01
  1086    4.857006800745E-01
  1087    4.854817839741E-01
  1088    4.852625007307E-01
  1089    4.849686711198E-01
  1090    4.847284490631E-01
  1091    4.845033995384E-01
  1092    4.844118193878E-01
  1093    4.852228318566E-01
  1094    4.861220304730E-01
  1095    4.871029108426E-01
  1096    4.881532569203E-01
  1097    4.893198234713E-01
  1098    4.905439936147E-01
  1099    4.918916961092E-01
  1100    4.933444514825E-01
  1159    5.545284940988E-01
  1160    5.513488246453E-01
  1161    5.481781823311E-01
  1162    5.450298656372E-01
  1163    5.407372785967E-01
  1164    5.355532855972E-01
  1165    5.302716806341E-01
  1166    5.249464202811E-01
  1167    5.195551253608E-01
  1168    5.141051777922E-01
  1169    5.085992864266E-01
  1170    5.030330483741E-01
  1171    4.974712822640E-01
  1172    4.918695577007E-01
  1173    4.893406144303E-01
  1174    4.890655612164E-01
  1175    4.888064848156E-01
  1176    4.885506250415E-01
  1177    4.882502156782E-01
  1178    4.879928918052E-01
  1179    4.877469821151E-01
  1180    4.874744758688E-01
  1181    4.872099045513E-01
  1182    4.869584715313E-01
  1183    4.866643735333E-01
  1184    4.864546840158E-01
  1185    4.861867043040E-01
  1186    4.859278293727E-01
  1187    4.856953246115E-01
  1188    4.854241603300E-01
  1189    4.851333361899E-01
  1190    4.849372090508E-01
  1191    4.849146624876E-01
  1192    4.857104357003E-01
  1193    4.866173361359E-01
  1194    4.875774002662E-01
  1195    4.886277720231E-01
  1196    4.897704324320E-01
  1197    4.909827143433E-01
  1198    4.923137609505E-01
  1199    4.937356808740E-01
  1200    4.952598394208E-01
  1261    5.553020722587E-01
  1262    5.521818964462E-01
  1263    5.490401689821E-01
  1264    5.459018754210E-01
  1265    5.427776947194E-01
  1266    5.383551452103E-01
  1267    5.331923896099E-01
  1268    5.278812440131E-01
  1269    5.225293496031E-01
  1270    5.170725390928E-01
  1271    5.116008450974E-01
  1272    5.060736827699E-01
  1273    5.005234046378E-01
  1274    4.949475506579E-01
  1275    4.893549182329E-01
  1276    4.887830959200E-01
  1277    4.885014936268E-01
  1278    4.882188319165E-01
  1279    4.879522090275E-01
  1280    4.876935534198E-01
  1281    4.874190762044E-01
  1282    4.871901613285E-01
  1283    4.869118480790E-01
  1284    4.866792366425E-01
  1285    4.864140244801E-01
  1286    4.861215700488E-01
  1287    4.859026649574E-01
  1288    4.856771124236E-01
  1289    4.854058525921E-01
  1290    4.854716248920E-01
  1291    4.862497104410E-01
  1292    4.871225680303E-01
  1293    4.880765522780E-01
  1294    4.891132754501E-01
  1295    4.902303056965E-01
  1296    4.914488526301E-01
  1297    4.927531656060E-01
  1298    4.941567695038E-01
  1299    4.956710620548E-01
  1300    4.972591208827E-01
  1364    5.529762911571E-01
  1365    5.498870137967E-01
  1366    5.467330419408E-01
  1367    5.435731691596E-01
  1368    5.404602628142E-01
  1369    5.359387197705E-01
  1370    5.307301415576E-01
  1371    5.254236647405E-01
  1372    5.200526543815E-01
  1373    5.145908105725E-01
  1374    5.091034223139E-01
  1375    5.035667072970E-01
  1376    4.980053863121E-01
  1377    4.924369114986E-01
  1378    4.884446202746E-01
  1379    4.882035597971E-01
  1380    4.879148487540E-01
  1381    4.876655554107E-01
  1382    4.873966273281E-01
  1383    4.871353317179E-01
  1384    4.868703340162E-01
  1385    4.866070342266E-01
  1386    4.863547206439E-01
  1387    4.861185301772E-01
  1388    4.858500806346E-01
  1389    4.860115964804E-01
  1390    4.867860034694E-01
  1391    4.876510217835E-01
  1392    4.885872363639E-01
  1393    4.896030452602E-01
  1394    4.907236583329E-01
  1395    4.919049113956E-01
  1396    4.932019630218E-01
  1397    4.945967925514E-01
  1398    4.960637264602E-01
  1399    4.976738319582E-01
  1400    4.993324989728E-01
  1466    5.538219350739E-01
  1467    5.506979551236E-01
  1468    5.476039942683E-01
  1469    5.444192200422E-01
  1470    5.413113643783E-01
  1471    5.382089749284E-01
  1472    5.335687400755E-01
  1473    5.282852717031E-01
  1474    5.229823548661E-01
  1475    5.175829211403E-01
  1476    5.121178586689E-01
  1477    5.066098065855E-01
  1478    5.010707170467E-01
  1479    4.955060659421E-01
  1480    4.899041020644E-01
  1481    4.878666327042E-01
  1482    4.876282653480E-01
  1483    4.873431426398E-01
  1484    4.870906271729E-01
  1485    4.868092639001E-01
  1486    4.865925206462E-01
  1487    4.863033270848E-01
  1488    4.865105303165E-01
  1489    4.873407384803E-01
  1490    4.881841268777E-01
  1491    4.891102778824E-01
  1492    4.901291132591E-01
  1493    4.912293728632E-01
  1494    4.924057907524E-01
  1495    4.936891287510E-01
  1496    4.950622510636E-01
  1497    4.965083992578E-01
  1498    4.980840511021E-01
  1499    4.997593962608E-01
  1500    5.015055304617E-01
  1569    5.515241196417E-01
  1570    5.483920012721E-01
  1571    5.452593780619E-01
  1572    5.422056788872E-01
  1573    5.390856189457E-01
  1574    5.359787029858E-01
  1575    5.311439715267E-01
  1576    5.258616740642E-01
  1577    5.205021276038E-01
  1578    5.150833128853E-01
  1579    5.096400545534E-01
  1580    5.040678661013E-01
  1581    4.985455394594E-01
  1582    4.929993247908E-01
  1583    4.875689472335E-01
  1584    4.873380890748E-01
  1585    4.870160879619E-01
  1586    4.868252176235E-01
  1587    4.871292546947E-01
  1588    4.878964678456E-01
  1589    4.887258669104E-01
  1590    4.896541547949E-01
  1591    4.906665534974E-01
  1592    4.917407598497E-01
  1593    4.929086328984E-01
  1594    4.941874646946E-01
  1595    4.955447445066E-01
  1596    4.969941675595E-01
  1597    4.985283054078E-01
  1598    5.001771943796E-01
  1599    5.019203352735E-01
  1600    5.037537387231E-01
  1671    5.523476510539E-01
  1672    5.492418833243E-01
  1673    5.460796297476E-01
  1674    5.429939967382E-01
  1675    5.399230751064E-01
  1676    5.367863442349E-01
  1677    5.337220192939E-01
  1678    5.287484747304E-01
  1679    5.234158072460E-01
  1680    5.180365971787E-01
  1681    5.125856056855E-01
  1682    5.071043985319E-01
  1683    5.015815712933E-01
  1684    4.960332887455E-01
  1685    4.904725219841E-01
  1686    4.876807841274E-01
  1687    4.884564355619E-01
  1688    4.892943471669E-01
  1689    4.902114137063E-01
  1690    4.911922031725E-01
  1691    4.922768658267E-01
  1692    4.934367400182E-01
  1693    4.946933682425E-01
  1694    4.960457730060E-01
  1695    4.974714000464E-01
  1696    4.989710145105E-01
  1697    5.006290139991E-01
  1698    5.023377968673E-01
  1699    5.041581359472E-01
  1700    5.060648855874E-01
  1773    5.531981620371E-01
  1774    5.500619461299E-01
  1775    5.469311624689E-01
  1776    5.437895742413E-01
  1777    5.406718120976E-01
  1778    5.375544579292E-01
  1779    5.345527124460E-01
  1780    5.314847202109E-01
  1781    5.262849667276E-01
  1782    5.209796487194E-01
  1783    5.155455546250E-01
  1784    5.101157252043E-01
  1785    5.049314508211E-01
  1786    5.002199908936E-01
  1787    4.956465469578E-01
  1788    4.912392719224E-01
  1789    4.917581154697E-01
  1790    4.928313077150E-01
  1791    4.939824843661E-01
  1792    4.952214082800E-01
  1793    4.965506521459E-01
  1794    4.979819775116E-01
  1795    4.994935497761E-01
  1796    5.011127756426E-01
  1797    5.027821738717E-01
  1798    5.045937620312E-01
  1799    5.065060708871E-01
  1800    5.084723727386E-01
  1876    5.511730822132E-01
  1877    5.479549045700E-01
  1878    5.447921626073E-01
  1879    5.416581333366E-01
  1880    5.386335053641E-01
  1881    5.356590627898E-01
  1882    5.326999021561E-01
  1883    5.296268931091E-01
  1884    5.246860757380E-01
  1885    5.198163336673E-01
  1886    5.150142792878E-01
  1887    5.103004704130E-01
  1888    5.057141416796E-01
  1889    5.012577908253E-01
  1890    4.970004968997E-01
  1891    4.957737259258E-01
  1892    4.970853509976E-01
  1893    4.984928870709E-01
  1894    4.999990409226E-01
  1895    5.015994662827E-01
  1896    5.033010314312E-01
  1897    5.050518405775E-01
  1898    5.069153363246E-01
  1899    5.088922077702E-01
  1900    5.109241413091E-01
  1979    5.509297909959E-01
  1980    5.478359736683E-01
  1981    5.448059707033E-01
  1982    5.418063427718E-01
  1983    5.388730859339E-01
  1984    5.360361513587E-01
  1985    5.332508855441E-01
  1986    5.298117270710E-01
  1987    5.249969274117E-01
  1988    5.202940568144E-01
  1989    5.156921773678E-01
  1990    5.112279853873E-01
  1991    5.069494022052E-01
  1992    5.028748806107E-01
  1993    5.005186384244E-01
  1994    5.020980094758E-01
  1995    5.037575290020E-01
  1996    5.055498588641E-01
  1997    5.073941750266E-01
  1998    5.093246224401E-01
  1999    5.113508618709E-01
  2000    5.134537765012E-01
  2081    5.539860502746E-01
  2082    5.509734929608E-01
  2083    5.479996638621E-01
  2084    5.451147754710E-01
  2085    5.423200141698E-01
  2086    5.395507751217E-01
  2087    5.368826997423E-01
  2088    5.342701664507E-01
  2089    5.302439051011E-01
  2090    5.256030343314E-01
  2091    5.211330795197E-01
  2092    5.168455240551E-01
  2093    5.127292191734E-01
  2094    5.088985428493E-01
  2095    5.060271353543E-01
  2096    5.078849706136E-01
  2097    5.097937307706E-01
  2098    5.117968690670E-01
  2099    5.138817371356E-01
  2100    5.160587097359E-01
  2184    5.542377302302E-01
  2185    5.513953899646E-01
  2186    5.485754933894E-01
  2187    5.459026994168E-01
  2188    5.432546175833E-01
  2189    5.407303958094E-01
  2190    5.382732192074E-01
  2191    5.354780545303E-01
  2192    5.309760993190E-01
  2193    5.266512339303E-01
  2194    5.225180925978E-01
  2195    5.186426004682E-01
  2196    5.150882661128E-01
  2197    5.122758436370E-01
  2198    5.143540244181E-01
  2199    5.164840617819E-01
  2200    5.186990308900E-01
  2287    5.549290146829E-01
  2288    5.522399331372E-01
  2289    5.497025375904E-01
  2290    5.471973228167E-01
  2291    5.448416669127E-01
  2292    5.425345211758E-01
  2293    5.403279336440E-01
  2294    5.363817953411E-01
  2295    5.322288647001E-01
  2296    5.283151425571E-01
  2297    5.247116908925E-01
  2298    5.214710519393E-01
  2299    5.191419606846E-01
  2300    5.214072652053E-01
  2390    5.561396381385E-01
  2391    5.537323878478E-01
  2392    5.514255148615E-01
  2393    5.491935502187E-01
  2394    5.470791279270E-01
  2395    5.450530830384E-01
  2396    5.418927507856E-01
  2397    5.379477276222E-01
  2398    5.342523900134E-01
  2399    5.309367615235E-01
  2400    5.280413046293E-01
  2492    5.602984916627E-01
  2493    5.580415605387E-01
  2494    5.558740531555E-01
  2495    5.538823220518E-01
  2496    5.519150872295E-01
  2497    5.500797784739E-01
  2498    5.474437259754E-01
  2499    5.437407735714E-01
  2500    5.403537335949E-01
  2595    5.626430329606E-01
  2596    5.606753848082E-01
  2597    5.588426138811E-01
  2598    5.570813952643E-01
  2599    5.554108786652E-01
  2600    5.531198293762E-01
  2698    5.657482756206E-01
  2699    5.640952829377E-01
  2700    5.625401842460E-01
