    89    1.552405353871E+00
    90    1.554199849092E+00
    91    1.555968004003E+00
    92    1.557755327129E+00
    93    1.559532435774E+00
    94    1.561260450713E+00
    95    1.563014613714E+00
    96    1.564754820191E+00
    97    1.566455671467E+00
    98    1.568226395525E+00
    99    1.569959519297E+00
   100    1.571669776335E+00
   191    1.552021852361E+00
   192    1.553816923801E+00
   193    1.555604754289E+00
   194    1.557362864128E+00
   195    1.559116929998E+00
   196    1.560895816464E+00
   197    1.562620047166E+00
   198    1.564362751344E+00
   199    1.566104503004E+00
   200    1.567852086619E+00
   293    1.551640009901E+00
   294    1.553433564212E+00
   295    1.555221540543E+00
   296    1.556956960759E+00
   297    1.558733959209E+00
   298    1.560472965741E+00
   299    1.562268529354E+00
   300    1.563980908360E+00
   395    1.551315353708E+00
   396    1.553050039275E+00
   397    1.554818875308E+00
   398    1.556619478557E+00
   399    1.558340134842E+00
   400    1.554789188801E+00
   498    1.552672242755E+00
   499    1.549251521395E+00
   500    1.545269374756E+00
