    30    1.578967843559E-02
    31    7.572681585433E-02
    32    1.368950468314E-01
    33    1.993119962764E-01
    34    2.622357592299E-01
    35    3.059147781359E-01
    36    3.526125058279E-01
    37    4.198524420951E-01
    38    4.875872346452E-01
    39    5.556628744691E-01
    40    6.244725514562E-01
    41    6.931166103897E-01
    42    7.624987985022E-01
    43    8.318141366733E-01
    44    8.529847846818E-01
    45    8.521233048681E-01
    46    8.512661201032E-01
    47    8.503784968183E-01
    48    8.494644850768E-01
    49    8.485325093141E-01
    50    8.476035845317E-01
    51    8.465499883241E-01
    52    8.455859920485E-01
    53    8.445575512576E-01
    54    8.434790939703E-01
    55    8.424453766240E-01
    56    8.413165131211E-01
    57    8.402001945118E-01
    58    8.391002079678E-01
    59    8.378987760613E-01
    60    8.367001764331E-01
    61    8.354831913828E-01
    62    8.342296121897E-01
    63    8.330171496181E-01
    64    8.316955597522E-01
    65    8.303760049889E-01
    66    8.290557567914E-01
    67    8.277043396920E-01
    68    8.263319349678E-01
    69    8.249263314550E-01
    70    8.235149524336E-01
    71    8.220822243221E-01
    72    8.205946630254E-01
    73    8.191133512708E-01
    74    8.176036668483E-01
    75    8.160816325447E-01
    76    8.145123234581E-01
    77    8.129401961495E-01
    78    8.113301411410E-01
    79    8.097219983728E-01
    80    8.080682958991E-01
    81    8.064095795422E-01
    82    8.047133356856E-01
    83    8.030141160533E-01
    84    8.012572317876E-01
    85    7.994964297153E-01
    86    7.977216611959E-01
    87    7.959099457889E-01
    88    7.940824859592E-01
   133    2.410374626198E-02
   134    7.954812454614E-02
   135    1.111162719250E-01
   136    1.756942186239E-01
   137    2.413399153801E-01
   138    3.079563022623E-01
   139    3.746968311630E-01
   140    4.423413207872E-01
   141    5.104818643958E-01
   142    5.789785284510E-01
   143    6.481083173715E-01
   144    7.173910418027E-01
   145    7.869471552795E-01
   146    8.541444574737E-01
   147    8.533349857316E-01
   148    8.524261887969E-01
   149    8.515208020879E-01
   150    8.505937590328E-01
   151    8.496764626054E-01
   152    8.487279457555E-01
   153    8.476971444120E-01
   154    8.466867160861E-01
   155    8.456481338882E-01
   156    8.445841712304E-01
   157    8.435026183664E-01
   158    8.423784602374E-01
   159    8.412632531572E-01
   160    8.401142010433E-01
   161    8.389335647907E-01
   162    8.377320672028E-01
   163    8.365133450554E-01
   164    8.352607927527E-01
   165    8.339819668674E-01
   166    8.327059521038E-01
   167    8.313274033156E-01
   168    8.300408668352E-01
   169    8.287090263829E-01
   170    8.272953404616E-01
   171    8.258814805746E-01
   172    8.244693182033E-01
   173    8.230098188190E-01
   174    8.215292149775E-01
   175    8.200023537387E-01
   176    8.185113086698E-01
   177    8.169580342827E-01
   178    8.154149228674E-01
   179    8.138282903035E-01
   180    8.122522496766E-01
   181    8.105648280564E-01
   182    8.089216564283E-01
   183    8.072060551836E-01
   184    8.055210455824E-01
   185    8.038184201232E-01
   186    8.020738066403E-01
   187    8.003053655192E-01
   188    7.985028979651E-01
   189    7.967042081940E-01
   190    7.948488330515E-01
   236    4.118929053643E-03
   237    6.702756416597E-02
   238    1.310461701335E-01
   239    1.965548061363E-01
   240    2.625006042954E-01
   241    3.296149387155E-01
   242    3.969757059003E-01
   243    4.651511278456E-01
   244    5.336830651404E-01
   245    6.026982244047E-01
   246    6.721380981576E-01
   247    7.416818284211E-01
   248    8.116662656434E-01
   249    8.544315710739E-01
   250    8.535312802613E-01
   251    8.526530724402E-01
   252    8.517127011209E-01
   253    8.507587901202E-01
   254    8.497874631755E-01
   255    8.487944242130E-01
   256    8.477659722248E-01
   257    8.467416731411E-01
   258    8.456450978295E-01
   259    8.445381038799E-01
   260    8.434241912331E-01
   261    8.422962874649E-01
   262    8.411255167648E-01
   263    8.399434523869E-01
   264    8.387502551950E-01
   265    8.374329474733E-01
   266    8.362550134553E-01
   267    8.349923906772E-01
   268    8.336663990920E-01
   269    8.323356599320E-01
   270    8.310152413922E-01
   271    8.296288323816E-01
   272    8.282233512723E-01
   273    8.268107150818E-01
   274    8.253613432373E-01
   275    8.239235554919E-01
   276    8.224358866182E-01
   277    8.209281724597E-01
   278    8.193770420083E-01
   279    8.178276395639E-01
   280    8.162502945894E-01
   281    8.146608080868E-01
   282    8.130420679644E-01
   283    8.114129022664E-01
   284    8.097036361666E-01
   285    8.080473923801E-01
   286    8.063402302336E-01
   287    8.045956394331E-01
   288    8.028560596918E-01
   289    8.010764697667E-01
   290    7.992646779332E-01
   291    7.974183990690E-01
   292    7.955182158522E-01
   339    2.341526377254E-02
   340    8.673363138894E-02
   341    1.519915721530E-01
   342    2.175488560180E-01
   343    2.841266072951E-01
   344    3.517402548248E-01
   345    4.193664798612E-01
   346    4.879152090297E-01
   347    5.573230829477E-01
   348    6.266195682795E-01
   349    6.963115775802E-01
   350    7.663836387538E-01
   351    8.365054177040E-01
   352    8.546494376981E-01
   353    8.537349118720E-01
   354    8.527956518463E-01
   355    8.518698045374E-01
   356    8.508508001008E-01
   357    8.498486581573E-01
   358    8.488046605562E-01
   359    8.477489345108E-01
   360    8.467101230162E-01
   361    8.455897357031E-01
   362    8.444517753183E-01
   363    8.432832731683E-01
   364    8.421333189172E-01
   365    8.409178142115E-01
   366    8.397174707240E-01
   367    8.384748953725E-01
   368    8.372038396053E-01
   369    8.359169177197E-01
   370    8.346196708070E-01
   371    8.332805069325E-01
   372    8.319125573355E-01
   373    8.305360040631E-01
   374    8.291324184063E-01
   375    8.277067003882E-01
   376    8.262101413823E-01
   377    8.248078245761E-01
   378    8.232635543793E-01
   379    8.217768602096E-01
   380    8.202425083170E-01
   381    8.186894319119E-01
   382    8.170882338347E-01
   383    8.154795424678E-01
   384    8.138451346448E-01
   385    8.121658766501E-01
   386    8.105212859058E-01
   387    8.088302049478E-01
   388    8.071048547833E-01
   389    8.053620222765E-01
   390    8.035325951268E-01
   391    8.017847612470E-01
   392    7.999866886583E-01
   393    7.981505676152E-01
   394    7.963261681573E-01
   442    4.244025967704E-02
   443    1.068990934684E-01
   444    1.723906300256E-01
   445    2.388309473479E-01
   446    3.062278849871E-01
   447    3.740860709767E-01
   448    4.425304411644E-01
   449    5.115249957002E-01
   450    5.809521135693E-01
   451    6.506852700223E-01
   452    7.206147555081E-01
   453    7.911046009145E-01
   454    8.557115966142E-01
   455    8.548041122254E-01
   456    8.538491385277E-01
   457    8.528938385011E-01
   458    8.518953879356E-01
   459    8.508616849361E-01
   460    8.498177177810E-01
   461    8.488251862035E-01
   462    8.476466785482E-01
   463    8.465564845975E-01
   464    8.454222576942E-01
   465    8.442651893085E-01
   466    8.430994549301E-01
   467    8.418978895055E-01
   468    8.406597555429E-01
   469    8.394268544947E-01
   470    8.381384021109E-01
   471    8.368029800957E-01
   472    8.355292863704E-01
   473    8.341741168370E-01
   474    8.328149865790E-01
   475    8.314762352921E-01
   476    8.300188232559E-01
   477    8.285722247090E-01
   478    8.271257631949E-01
   479    8.256411674204E-01
   480    8.241101539623E-01
   481    8.226012095107E-01
   482    8.210520282282E-01
   483    8.194812435623E-01
   484    8.178798372645E-01
   485    8.162540054958E-01
   486    8.146328763370E-01
   487    8.129685195971E-01
   488    8.112849406059E-01
   489    8.095160512159E-01
   490    8.077487725036E-01
   491    8.061193845136E-01
   492    8.042434822023E-01
   493    8.024750401083E-01
   494    8.007208717919E-01
   495    7.988336149833E-01
   496    7.969740822061E-01
   497    7.950542679646E-01
   544    7.913044353621E-03
   545    6.235957894044E-02
   546    1.274244973233E-01
   547    1.935882751500E-01
   548    2.606867817987E-01
   549    3.282417036380E-01
   550    3.966955764049E-01
   551    4.657193125122E-01
   552    5.350409628126E-01
   553    6.050211127022E-01
   554    6.752324419638E-01
   555    7.456530091106E-01
   556    8.161878332105E-01
   557    8.557640585188E-01
   558    8.548652217001E-01
   559    8.538981545061E-01
   560    8.528938948238E-01
   561    8.518730189472E-01
   562    8.508100339500E-01
   563    8.497564732129E-01
   564    8.486411205308E-01
   565    8.475381634496E-01
   566    8.463991510597E-01
   567    8.452071933247E-01
   568    8.440243146871E-01
   569    8.428122402397E-01
   570    8.415768901969E-01
   571    8.403663594379E-01
   572    8.390479554915E-01
   573    8.377549470941E-01
   574    8.364255342223E-01
   575    8.350506129380E-01
   576    8.336788749796E-01
   577    8.322789820040E-01
   578    8.308498262291E-01
   579    8.294253460539E-01
   580    8.279275780093E-01
   581    8.264578870624E-01
   582    8.249324178178E-01
   583    8.234215761085E-01
   584    8.218217190931E-01
   585    8.202751217492E-01
   586    8.186460643061E-01
   587    8.170581875949E-01
   588    8.153842926739E-01
   589    8.136950471811E-01
   590    8.120137463289E-01
   591    8.102875676590E-01
   592    8.085813491756E-01
   593    8.067647228936E-01
   594    8.049994913992E-01
   595    8.031883596581E-01
   596    8.013233024416E-01
   597    7.994829238961E-01
   598    7.950351458239E-01
   599    7.903342544502E-01
   600    7.854113265791E-01
   647    2.887400507599E-02
   648    8.270255690083E-02
   649    1.483194692958E-01
   650    2.149312830998E-01
   651    2.825717128305E-01
   652    3.510359934739E-01
   653    4.198137661113E-01
   654    4.891772324414E-01
   655    5.591743292647E-01
   656    6.292547659921E-01
   657    6.997271001746E-01
   658    7.705890031707E-01
   659    8.416672919615E-01
   660    8.558934166630E-01
   661    8.548694785271E-01
   662    8.538708031229E-01
   663    8.527978260849E-01
   664    8.517569870341E-01
   665    8.506941315681E-01
   666    8.495868307789E-01
   667    8.484781899616E-01
   668    8.473024642567E-01
   669    8.461383679566E-01
   670    8.449520908748E-01
   671    8.437038090875E-01
   672    8.424540986800E-01
   673    8.412298011926E-01
   674    8.399077266874E-01
   675    8.386161430295E-01
   676    8.372863907017E-01
   677    8.358835123284E-01
   678    8.345110982338E-01
   679    8.331046650556E-01
   680    8.316644468210E-01
   681    8.302255680579E-01
   682    8.287258106653E-01
   683    8.272316745951E-01
   684    8.257007819582E-01
   685    8.241992853628E-01
   686    8.225947875168E-01
   687    8.209846676720E-01
   688    8.194116498881E-01
   689    8.177526236749E-01
   690    8.160961632051E-01
   691    8.144073314401E-01
   692    8.126854634202E-01
   693    8.109541139634E-01
   694    8.092391012784E-01
   695    8.074297870670E-01
   696    8.056341830045E-01
   697    8.011675340454E-01
   698    7.965771042442E-01
   699    7.917706972988E-01
   700    7.867704794190E-01
   749    1.292216764097E-02
   750    4.984307788591E-02
   751    1.033158395598E-01
   752    1.693961977998E-01
   753    2.369027747011E-01
   754    3.051643340431E-01
   755    3.738153806628E-01
   756    4.428853641635E-01
   757    5.129304115554E-01
   758    5.833383620904E-01
   759    6.538427147417E-01
   760    7.247953259575E-01
   761    7.958550966918E-01
   762    8.568629238542E-01
   763    8.558678144917E-01
   764    8.548166003175E-01
   765    8.537711635138E-01
   766    8.526750559900E-01
   767    8.516312961553E-01
   768    8.505219351762E-01
   769    8.493605112570E-01
   770    8.482421278754E-01
   771    8.470415435931E-01
   772    8.458419364035E-01
   773    8.445882240925E-01
   774    8.433252076988E-01
   775    8.420433005721E-01
   776    8.407770382370E-01
   777    8.394288586257E-01
   778    8.380685537407E-01
   779    8.367172112020E-01
   780    8.352850086047E-01
   781    8.339053405900E-01
   782    8.324606849054E-01
   783    8.309971621557E-01
   784    8.294976525855E-01
   785    8.279840137019E-01
   786    8.264637346786E-01
   787    8.249091910073E-01
   788    8.234298424000E-01
   789    8.217214832511E-01
   790    8.201202700834E-01
   791    8.184218931854E-01
   792    8.167659157982E-01
   793    8.150837704375E-01
   794    8.133649428644E-01
   795    8.115662421971E-01
   796    8.071731188643E-01
   797    8.026216062313E-01
   798    7.978494476550E-01
   799    7.929535542119E-01
   800    7.878235141255E-01
   852    3.345825820008E-02
   853    7.055426796478E-02
   854    1.239760019165E-01
   855    1.909728424329E-01
   856    2.591047537067E-01
   857    3.276909267644E-01
   858    3.971509966490E-01
   859    4.668549672543E-01
   860    5.371010688206E-01
   861    6.077910522768E-01
   862    6.786832332801E-01
   863    7.499728272367E-01
   864    8.214273215007E-01
   865    8.567755553548E-01
   866    8.557664160787E-01
   867    8.546835247215E-01
   868    8.536043867346E-01
   869    8.525026389153E-01
   870    8.513758832138E-01
   871    8.502366806415E-01
   872    8.490581527836E-01
   873    8.478827561163E-01
   874    8.466871846086E-01
   875    8.454150597340E-01
   876    8.441486782618E-01
   877    8.428682521708E-01
   878    8.415570638161E-01
   879    8.402475272808E-01
   880    8.389038718062E-01
   881    8.374830451717E-01
   882    8.360667350985E-01
   883    8.346505612494E-01
   884    8.332047537928E-01
   885    8.317371859505E-01
   886    8.301817183635E-01
   887    8.287065989880E-01
   888    8.271997142082E-01
   889    8.256152292109E-01
   890    8.240205157975E-01
   891    8.224191856505E-01
   892    8.207617056899E-01
   893    8.191276844889E-01
   894    8.173013494918E-01
   895    8.129678082535E-01
   896    8.084669971041E-01
   897    8.037822065314E-01
   898    7.989383267799E-01
   899    7.938532739347E-01
   900    7.886553448516E-01
   954    1.798402140052E-02
   955    5.496513415015E-02
   956    9.166312170071E-02
   957    1.455296803277E-01
   958    2.130491337877E-01
   959    2.815596283379E-01
   960    3.504548804136E-01
   961    4.206074190424E-01
   962    4.908427881959E-01
   963    5.614112172204E-01
   964    6.324859343747E-01
   965    7.038562126184E-01
   966    7.754222663196E-01
   967    8.472752824001E-01
   968    8.566249043619E-01
   969    8.555817235014E-01
   970    8.544795884670E-01
   971    8.534215432315E-01
   972    8.522406457207E-01
   973    8.510641144877E-01
   974    8.499112735239E-01
   975    8.487197671446E-01
   976    8.474752246428E-01
   977    8.462423947618E-01
   978    8.450405268957E-01
   979    8.436424569187E-01
   980    8.423464603012E-01
   981    8.410136547935E-01
   982    8.396064091044E-01
   983    8.382462230878E-01
   984    8.368420245989E-01
   985    8.354262844916E-01
   986    8.339593177893E-01
   987    8.324342573807E-01
   988    8.309524144718E-01
   989    8.294070405140E-01
   990    8.278650719401E-01
   991    8.262726715175E-01
   992    8.246737871360E-01
   993    8.228256802371E-01
   994    8.185284176987E-01
   995    8.141190893169E-01
   996    8.094883011237E-01
   997    8.046926784898E-01
   998    7.996993473910E-01
   999    7.945520198365E-01
  1000    7.891781679616E-01
  1056    2.177454996042E-03
  1057    3.921867578766E-02
  1058    7.614229503443E-02
  1059    1.127367635699E-01
  1060    1.674376483822E-01
  1061    2.350827565604E-01
  1062    3.042947708792E-01
  1063    3.740429383238E-01
  1064    4.443307835508E-01
  1065    5.150171174886E-01
  1066    5.860714986441E-01
  1067    6.576962021779E-01
  1068    7.292163955228E-01
  1069    8.012257094550E-01
  1070    8.574958308268E-01
  1071    8.564328058572E-01
  1072    8.553604944106E-01
  1073    8.542348405297E-01
  1074    8.530801747767E-01
  1075    8.519229258797E-01
  1076    8.507255193233E-01
  1077    8.494980491035E-01
  1078    8.482814892035E-01
  1079    8.470250625406E-01
  1080    8.457661406243E-01
  1081    8.444183578646E-01
  1082    8.431020288102E-01
  1083    8.417558315791E-01
  1084    8.403690730250E-01
  1085    8.389301410448E-01
  1086    8.375305576807E-01
  1087    8.361777499291E-01
  1088    8.346880141563E-01
  1089    8.331360596152E-01
  1090    8.316192656256E-01
  1091    8.300696004417E-01
  1092    8.281279489571E-01
  1093    8.239304333158E-01
  1094    8.195444051547E-01
  1095    8.150021335016E-01
  1096    8.102695652722E-01
  1097    8.053441664113E-01
  1098    8.002740768680E-01
  1099    7.949299204057E-01
  1100    7.894738327219E-01
  1159    2.378908815511E-02
  1160    6.072842773896E-02
  1161    9.729799993591E-02
  1162    1.335943426470E-01
  1163    1.891478419105E-01
  1164    2.580167733835E-01
  1165    3.275735550784E-01
  1166    3.978558347406E-01
  1167    4.684538827809E-01
  1168    5.395258561581E-01
  1169    6.109239780511E-01
  1170    6.828749565318E-01
  1171    7.550675598160E-01
  1172    8.271432689302E-01
  1173    8.572683058503E-01
  1174    8.561731355469E-01
  1175    8.550346271954E-01
  1176    8.538644601665E-01
  1177    8.527055781740E-01
  1178    8.514942080945E-01
  1179    8.502967557468E-01
  1180    8.490445534051E-01
  1181    8.477683298005E-01
  1182    8.464853203513E-01
  1183    8.451735374747E-01
  1184    8.438287003608E-01
  1185    8.424487965900E-01
  1186    8.410910936629E-01
  1187    8.397015842053E-01
  1188    8.382605335584E-01
  1189    8.367913014423E-01
  1190    8.352967524833E-01
  1191    8.332089503849E-01
  1192    8.290893630511E-01
  1193    8.247799726078E-01
  1194    8.203037912494E-01
  1195    8.156458595419E-01
  1196    8.108067591000E-01
  1197    8.057532670413E-01
  1198    8.005333642385E-01
  1199    7.950987727502E-01
  1200    7.895024006764E-01
  1261    7.906243876190E-03
  1262    4.506553605990E-02
  1263    8.193624649462E-02
  1264    1.185273038956E-01
  1265    1.547394408588E-01
  1266    2.118459406404E-01
  1267    2.810086977640E-01
  1268    3.511031490924E-01
  1269    4.216878765576E-01
  1270    4.927133912913E-01
  1271    5.644344312633E-01
  1272    6.361165035949E-01
  1273    7.084406908866E-01
  1274    7.809511863925E-01
  1275    8.533756526980E-01
  1276    8.569602276625E-01
  1277    8.557691864348E-01
  1278    8.546715421693E-01
  1279    8.534481129570E-01
  1280    8.522784143742E-01
  1281    8.510423041796E-01
  1282    8.497971901414E-01
  1283    8.485195502645E-01
  1284    8.472037082783E-01
  1285    8.459203493220E-01
  1286    8.445380365538E-01
  1287    8.431552469507E-01
  1288    8.417149980129E-01
  1289    8.403331471787E-01
  1290    8.381508022020E-01
  1291    8.340660315599E-01
  1292    8.298016077218E-01
  1293    8.254022661981E-01
  1294    8.208141153020E-01
  1295    8.160116717316E-01
  1296    8.110528347946E-01
  1297    8.059081619159E-01
  1298    8.005209570678E-01
  1299    7.949990966099E-01
  1300    7.892770209939E-01
  1364    2.976170673159E-02
  1365    6.659802865601E-02
  1366    1.032251027447E-01
  1367    1.396100229760E-01
  1368    1.755083880663E-01
  1369    2.344386303609E-01
  1370    3.044122425507E-01
  1371    3.749822597559E-01
  1372    4.460533442740E-01
  1373    5.176527169350E-01
  1374    5.895026316716E-01
  1375    6.619059802603E-01
  1376    7.342470018025E-01
  1377    8.071638357874E-01
  1378    8.577015287506E-01
  1379    8.566010516923E-01
  1380    8.554082903696E-01
  1381    8.542002459581E-01
  1382    8.530041119458E-01
  1383    8.517480956453E-01
  1384    8.505042838214E-01
  1385    8.492055724519E-01
  1386    8.478796420906E-01
  1387    8.465632803290E-01
  1388    8.451895557931E-01
  1389    8.428505142229E-01
  1390    8.388294949428E-01
  1391    8.346453835307E-01
  1392    8.302960816235E-01
  1393    8.257660461150E-01
  1394    8.210468467241E-01
  1395    8.161807744765E-01
  1396    8.110464966042E-01
  1397    8.057667001867E-01
  1398    8.002914073525E-01
  1399    7.946466314034E-01
  1400    7.887815569824E-01
  1466    1.382525441662E-02
  1467    5.126091096025E-02
  1468    8.812396806648E-02
  1469    1.248188381954E-01
  1470    1.605246564774E-01
  1471    1.965383179264E-01
  1472    2.577356586791E-01
  1473    3.281950519047E-01
  1474    3.992456681115E-01
  1475    4.706956867855E-01
  1476    5.426606025370E-01
  1477    6.150149532985E-01
  1478    6.876757443416E-01
  1479    7.605754169558E-01
  1480    8.336986092882E-01
  1481    8.573473169155E-01
  1482    8.561123311535E-01
  1483    8.549199135021E-01
  1484    8.537006204362E-01
  1485    8.524408185913E-01
  1486    8.511981587699E-01
  1487    8.498783807159E-01
  1488    8.473206388480E-01
  1489    8.434138008607E-01
  1490    8.392841897929E-01
  1491    8.349993414952E-01
  1492    8.305512630616E-01
  1493    8.258695262453E-01
  1494    8.210270227533E-01
  1495    8.160230036743E-01
  1496    8.108082525441E-01
  1497    8.053731701007E-01
  1498    7.997792304605E-01
  1499    7.939994049435E-01
  1500    7.880449179247E-01
  1569    3.599210643833E-02
  1570    7.295082638936E-02
  1571    1.097301828930E-01
  1572    1.458261969482E-01
  1573    1.819011696456E-01
  1574    2.173610212706E-01
  1575    2.812244410143E-01
  1576    3.523416534195E-01
  1577    4.239041483991E-01
  1578    4.957076372564E-01
  1579    5.679518958055E-01
  1580    6.409747715272E-01
  1581    7.137847479895E-01
  1582    7.870254782703E-01
  1583    8.579985592492E-01
  1584    8.568072427908E-01
  1585    8.556762677251E-01
  1586    8.543560279253E-01
  1587    8.516257448635E-01
  1588    8.477619612248E-01
  1589    8.437101464567E-01
  1590    8.394638624862E-01
  1591    8.350854381419E-01
  1592    8.305111441367E-01
  1593    8.257190521903E-01
  1594    8.207407445024E-01
  1595    8.156180443955E-01
  1596    8.102572465793E-01
  1597    8.047761626340E-01
  1598    7.990190331304E-01
  1599    7.931381089677E-01
  1600    7.870821147054E-01
  1671    2.062279230312E-02
  1672    5.779671483645E-02
  1673    9.467649879120E-02
  1674    1.311197640597E-01
  1675    1.671964713532E-01
  1676    2.029255406687E-01
  1677    2.380786243942E-01
  1678    3.048796363604E-01
  1679    3.765014729358E-01
  1680    4.488435618736E-01
  1681    5.210789925430E-01
  1682    5.938325569365E-01
  1683    6.669103020419E-01
  1684    7.402306744139E-01
  1685    8.137620746305E-01
  1686    8.557416086512E-01
  1687    8.519029215624E-01
  1688    8.479301571966E-01
  1689    8.437757635818E-01
  1690    8.394318409078E-01
  1691    8.349322426977E-01
  1692    8.302137487216E-01
  1693    8.253363464493E-01
  1694    8.202078647224E-01
  1695    8.149545455297E-01
  1696    8.094957630253E-01
  1697    8.038381416862E-01
  1698    7.980155883384E-01
  1699    7.920092833659E-01
  1700    7.858691845009E-01
  1773    5.275260494057E-03
  1774    4.267701941771E-02
  1775    7.961866940388E-02
  1776    1.164699774640E-01
  1777    1.524171071526E-01
  1778    1.883433590638E-01
  1779    2.239923573963E-01
  1780    2.587384501649E-01
  1781    3.293157516613E-01
  1782    4.015257157623E-01
  1783    4.736976709757E-01
  1784    5.466016874651E-01
  1785    6.190420483068E-01
  1786    6.914416886212E-01
  1787    7.652239710520E-01
  1788    8.408454144840E-01
  1789    8.435942101890E-01
  1790    8.391417594114E-01
  1791    8.345144430924E-01
  1792    8.296730483036E-01
  1793    8.246425880885E-01
  1794    8.194421719942E-01
  1795    8.140340176405E-01
  1796    8.084455677960E-01
  1797    8.026409059703E-01
  1798    7.967505071586E-01
  1799    7.906317661712E-01
  1800    7.844298201934E-01
  1876    2.529062552391E-02
  1877    6.335801271036E-02
  1878    1.003132066106E-01
  1879    1.368567928354E-01
  1880    1.727538110016E-01
  1881    2.082505456089E-01
  1882    2.425362606349E-01
  1883    2.798821702743E-01
  1884    3.505770192563E-01
  1885    4.217889230222E-01
  1886    4.942560422626E-01
  1887    5.678351376374E-01
  1888    6.424187668867E-01
  1889    7.193360726384E-01
  1890    7.986010109630E-01
  1891    8.338119542994E-01
  1892    8.288620600483E-01
  1893    8.237070713935E-01
  1894    8.183703756201E-01
  1895    8.128638743172E-01
  1896    8.071497516656E-01
  1897    8.012923568749E-01
  1898    7.952464994551E-01
  1899    7.890721593704E-01
  1900    7.827644978129E-01
  1979    3.467769115513E-02
  1980    7.214937987280E-02
  1981    1.087817616155E-01
  1982    1.445753939488E-01
  1983    1.798528141087E-01
  1984    2.148529903217E-01
  1985    2.482298255290E-01
  1986    2.947610495854E-01
  1987    3.681523506129E-01
  1988    4.426277453906E-01
  1989    5.185766489037E-01
  1990    5.967119073667E-01
  1991    6.771906613674E-01
  1992    7.610251648913E-01
  1993    8.224985235840E-01
  1994    8.170637542308E-01
  1995    8.114512783813E-01
  1996    8.056358884047E-01
  1997    7.996636872845E-01
  1998    7.935465888128E-01
  1999    7.872695900694E-01
  2000    7.808852252208E-01
  2081    7.166409029730E-03
  2082    4.419244531996E-02
  2083    8.100558919154E-02
  2084    1.166560384401E-01
  2085    1.519021010686E-01
  2086    1.864323977910E-01
  2087    2.203608710995E-01
  2088    2.534504613851E-01
  2089    3.162213758646E-01
  2090    3.938183184122E-01
  2091    4.728325541199E-01
  2092    5.545812997185E-01
  2093    6.398772078401E-01
  2094    7.290033609408E-01
  2095    8.097765648744E-01
  2096    8.038728024594E-01
  2097    7.978037223904E-01
  2098    7.916090321234E-01
  2099    7.852873830776E-01
  2100    7.788192674485E-01
  2184    1.661733011528E-02
  2185    5.312947000578E-02
  2186    8.923097240898E-02
  2187    1.243150065242E-01
  2188    1.587225192669E-01
  2189    1.923115568467E-01
  2190    2.250815550880E-01
  2191    2.665307166877E-01
  2192    3.471263480270E-01
  2193    4.302556734087E-01
  2194    5.169570161378E-01
  2195    6.079236321472E-01
  2196    7.033650150263E-01
  2197    7.957311139072E-01
  2198    7.894535189073E-01
  2199    7.830725246358E-01
  2200    7.765696422721E-01
  2287    2.575390230935E-02
  2288    6.177383154365E-02
  2289    9.705167273754E-02
  2290    1.312144015355E-01
  2291    1.649345623132E-01
  2292    1.974273398636E-01
  2293    2.289623999545E-01
  2294    3.040331385618E-01
  2295    3.920548959387E-01
  2296    4.844446623462E-01
  2297    5.817683809610E-01
  2298    6.846856983362E-01
  2299    7.806637383979E-01
  2300    7.741287442715E-01
  2390    3.488328731743E-02
  2391    6.982782162225E-02
  2392    1.040311099687E-01
  2393    1.371879870835E-01
  2394    1.695475155547E-01
  2395    2.009720266507E-01
  2396    2.649481548292E-01
  2397    3.584917494151E-01
  2398    4.578507815082E-01
  2399    5.628229087890E-01
  2400    6.738538655112E-01
  2492    8.198349691191E-03
  2493    4.285022538589E-02
  2494    7.695482808999E-02
  2495    1.100235234275E-01
  2496    1.420606300722E-01
  2497    1.731376792951E-01
  2498    2.303757161459E-01
  2499    3.309885364804E-01
  2500    4.381400648431E-01
  2595    1.663174728362E-02
  2596    5.028365203397E-02
  2597    8.307171534731E-02
  2598    1.148049632492E-01
  2599    1.454504319648E-01
  2600    2.015171271358E-01
  2698    2.404019566183E-02
  2699    5.650391298050E-02
  2700    8.771742088515E-02
