  7401    3.629587040594E+00
  7402    3.629486434365E+00
  7403    3.629385811141E+00
  7501    3.629705771809E+00
  7502    3.629605175768E+00
  7503    3.629504562736E+00
  7504    3.629403932734E+00
  7505    3.629303285786E+00
  7601    3.629824491003E+00
  7602    3.629723905147E+00
  7603    3.629623302303E+00
  7604    3.629522682494E+00
  7605    3.629422045740E+00
  7606    3.629321392064E+00
  7607    3.629220721488E+00
  7701    3.629943198178E+00
  7702    3.629842622505E+00
  7703    3.629742029847E+00
  7704    3.629641420226E+00
  7705    3.629540793665E+00
  7706    3.629440150184E+00
  7707    3.629339489807E+00
  7708    3.629238812554E+00
  7709    3.629138118447E+00
  7710    3.629037407508E+00
  7801    3.630061893339E+00
  7802    3.629961327845E+00
  7803    3.629860745370E+00
  7804    3.629760145935E+00
  7805    3.629659529563E+00
  7806    3.629558896275E+00
  7807    3.629458246094E+00
  7808    3.629357579040E+00
  7809    3.629256895135E+00
  7810    3.629156194401E+00
  7811    3.629055476859E+00
  7812    3.628954742531E+00
  7901    3.630180576488E+00
  7902    3.630080021171E+00
  7903    3.629979448876E+00
  7904    3.629878859624E+00
  7905    3.629778253439E+00
  7906    3.629677630340E+00
  7907    3.629576990352E+00
  7908    3.629476333494E+00
  7909    3.629375659789E+00
  7910    3.629274969258E+00
  7911    3.629174261922E+00
  7912    3.629073537803E+00
  7913    3.628972796921E+00
  7914    3.628872039298E+00
  7915    3.628771264955E+00
  8001    3.630299247628E+00
  8002    3.630198702485E+00
  8003    3.630098140367E+00
  8004    3.629997561296E+00
  8005    3.629896965294E+00
  8006    3.629796352383E+00
  8007    3.629695722585E+00
  8008    3.629595075920E+00
  8009    3.629494412412E+00
  8010    3.629393732080E+00
  8011    3.629293034948E+00
  8012    3.629192321035E+00
  8013    3.629091590363E+00
  8014    3.628990842953E+00
  8015    3.628890078825E+00
  8016    3.628789298002E+00
  8017    3.628688500503E+00
  8101    3.630417906764E+00
  8102    3.630317371792E+00
  8103    3.630216819849E+00
  8104    3.630116250955E+00
  8105    3.630015665134E+00
  8106    3.629915062407E+00
  8107    3.629814442796E+00
  8108    3.629713806322E+00
  8109    3.629613153007E+00
  8110    3.629512482873E+00
  8111    3.629411795940E+00
  8112    3.629311092231E+00
  8113    3.629210371765E+00
  8114    3.629109634565E+00
  8115    3.629008880651E+00
  8116    3.628908110044E+00
  8117    3.628807322765E+00
  8118    3.628706518834E+00
  8119    3.628605698273E+00
  8201    3.630536553898E+00
  8202    3.630436029095E+00
  8203    3.630335487323E+00
  8204    3.630234928604E+00
  8205    3.630134352961E+00
  8206    3.630033760415E+00
  8207    3.629933150988E+00
  8208    3.629832524702E+00
  8209    3.629731881578E+00
  8210    3.629631221638E+00
  8211    3.629530544903E+00
  8212    3.629429851394E+00
  8213    3.629329141133E+00
  8214    3.629228414139E+00
  8215    3.629127670436E+00
  8216    3.629026910042E+00
  8217    3.628926132980E+00
  8218    3.628825339269E+00
  8219    3.628724528931E+00
  8220    3.628623701985E+00
  8221    3.628522858452E+00
  8222    3.628421998353E+00
  8301    3.630655189034E+00
  8302    3.630554674396E+00
  8303    3.630454142793E+00
  8304    3.630353594246E+00
  8305    3.630253028778E+00
  8306    3.630152446411E+00
  8307    3.630051847166E+00
  8308    3.629951231065E+00
  8309    3.629850598129E+00
  8310    3.629749948380E+00
  8311    3.629649281839E+00
  8312    3.629548598528E+00
  8313    3.629447898468E+00
  8314    3.629347181679E+00
  8315    3.629246448182E+00
  8316    3.629145698000E+00
  8317    3.629044931151E+00
  8318    3.628944147658E+00
  8319    3.628843347539E+00
  8320    3.628742530817E+00
  8321    3.628641697511E+00
  8322    3.628540847642E+00
  8323    3.628439981230E+00
  8324    3.628339098294E+00
  8401    3.630773812176E+00
  8402    3.630673307700E+00
  8403    3.630572786263E+00
  8404    3.630472247885E+00
  8405    3.630371692590E+00
  8406    3.630271120398E+00
  8407    3.630170531331E+00
  8408    3.630069925412E+00
  8409    3.629969302662E+00
  8410    3.629868663101E+00
  8411    3.629768006752E+00
  8412    3.629667333636E+00
  8413    3.629566643774E+00
  8414    3.629465937186E+00
  8415    3.629365213895E+00
  8416    3.629264473920E+00
  8417    3.629163717282E+00
  8418    3.629062944003E+00
  8419    3.628962154102E+00
  8420    3.628861347601E+00
  8421    3.628760524519E+00
  8422    3.628659684877E+00
  8423    3.628558828695E+00
  8424    3.628457955993E+00
  8425    3.628357066791E+00
  8426    3.628256161110E+00
  8501    3.630892423325E+00
  8502    3.630791929009E+00
  8503    3.630691417735E+00
  8504    3.630590889524E+00
  8505    3.630490344398E+00
  8506    3.630389782379E+00
  8507    3.630289203488E+00
  8508    3.630188607748E+00
  8509    3.630087995180E+00
  8510    3.629987365806E+00
  8511    3.629886719646E+00
  8512    3.629786056722E+00
  8513    3.629685377054E+00
  8514    3.629584680666E+00
  8515    3.629483967576E+00
  8516    3.629383237806E+00
  8517    3.629282491377E+00
  8518    3.629181728309E+00
  8519    3.629080948623E+00
  8520    3.628980152339E+00
  8521    3.628879339478E+00
  8522    3.628778510060E+00
  8523    3.628677664106E+00
  8524    3.628576801635E+00
  8525    3.628475922667E+00
  8526    3.628375027222E+00
  8527    3.628274115321E+00
  8528    3.628173186982E+00
  8529    3.628072242226E+00
  8601    3.631011022486E+00
  8602    3.630910538328E+00
  8603    3.630810037214E+00
  8604    3.630709519166E+00
  8605    3.630608984206E+00
  8606    3.630508432357E+00
  8607    3.630407863640E+00
  8608    3.630307278077E+00
  8609    3.630206675688E+00
  8610    3.630106056496E+00
  8611    3.630005420522E+00
  8612    3.629904767788E+00
  8613    3.629804098313E+00
  8614    3.629703412120E+00
  8615    3.629602709229E+00
  8616    3.629501989661E+00
  8617    3.629401253437E+00
  8618    3.629300500578E+00
  8619    3.629199731104E+00
  8620    3.629098945035E+00
  8621    3.628998142393E+00
  8622    3.628897323196E+00
  8623    3.628796487466E+00
  8624    3.628695635223E+00
  8625    3.628594766486E+00
  8626    3.628493881276E+00
  8627    3.628392979612E+00
  8628    3.628292061514E+00
  8629    3.628191127002E+00
  8630    3.628090176095E+00
  8631    3.627989208813E+00
  8701    3.631129609663E+00
  8702    3.631029135658E+00
  8703    3.630928644701E+00
  8704    3.630828136814E+00
  8705    3.630727612019E+00
  8706    3.630627070337E+00
  8707    3.630526511790E+00
  8708    3.630425936400E+00
  8709    3.630325344188E+00
  8710    3.630224735177E+00
  8711    3.630124109386E+00
  8712    3.630023466838E+00
  8713    3.629922807553E+00
  8714    3.629822131552E+00
  8715    3.629721438858E+00
  8716    3.629620729489E+00
  8717    3.629520003468E+00
  8718    3.629419260814E+00
  8719    3.629318501549E+00
  8720    3.629217725693E+00
  8721    3.629116933265E+00
  8722    3.629016124288E+00
  8723    3.628915298780E+00
  8724    3.628814456761E+00
  8725    3.628713598253E+00
  8726    3.628612723274E+00
  8727    3.628511831845E+00
  8728    3.628410923985E+00
  8729    3.628309999713E+00
  8730    3.628209059051E+00
  8731    3.628108102016E+00
  8732    3.628007128628E+00
  8733    3.627906138908E+00
  8734    3.627805132873E+00
  8801    3.631248184857E+00
  8802    3.631147721004E+00
  8803    3.631047240202E+00
  8804    3.630946742473E+00
  8805    3.630846227839E+00
  8806    3.630745696321E+00
  8807    3.630645147942E+00
  8808    3.630544582722E+00
  8809    3.630444000685E+00
  8810    3.630343401850E+00
  8811    3.630242786240E+00
  8812    3.630142153875E+00
  8813    3.630041504777E+00
  8814    3.629940838967E+00
  8815    3.629840156465E+00
  8816    3.629739457293E+00
  8817    3.629638741472E+00
  8818    3.629538009021E+00
  8819    3.629437259962E+00
  8820    3.629336494315E+00
  8821    3.629235712100E+00
  8822    3.629134913338E+00
  8823    3.629034098049E+00
  8824    3.628933266253E+00
  8825    3.628832417970E+00
  8826    3.628731553219E+00
  8827    3.628630672022E+00
  8828    3.628529774397E+00
  8829    3.628428860364E+00
  8830    3.628327929943E+00
  8831    3.628226983152E+00
  8832    3.628126020013E+00
  8833    3.628025040543E+00
  8834    3.627924044762E+00
  8835    3.627823032689E+00
  8836    3.627722004344E+00
  8901    3.631366748074E+00
  8902    3.631266294369E+00
  8903    3.631165823719E+00
  8904    3.631065336145E+00
  8905    3.630964831669E+00
  8906    3.630864310312E+00
  8907    3.630763772098E+00
  8908    3.630663217046E+00
  8909    3.630562645180E+00
  8910    3.630462056520E+00
  8911    3.630361451087E+00
  8912    3.630260828903E+00
  8913    3.630160189989E+00
  8914    3.630059534366E+00
  8915    3.629958862055E+00
  8916    3.629858173077E+00
  8917    3.629757467452E+00
  8918    3.629656745201E+00
  8919    3.629556006346E+00
  8920    3.629455250905E+00
  8921    3.629354478900E+00
  8922    3.629253690351E+00
  8923    3.629152885278E+00
  8924    3.629052063701E+00
  8925    3.628951225640E+00
  8926    3.628850371116E+00
  8927    3.628749500147E+00
  8928    3.628648612754E+00
  8929    3.628547708957E+00
  8930    3.628446788774E+00
  8931    3.628345852226E+00
  8932    3.628244899331E+00
  8933    3.628143930109E+00
  8934    3.628042944580E+00
  8935    3.627941942761E+00
  8936    3.627840924673E+00
  8937    3.627739890335E+00
  8938    3.627638839764E+00
  9001    3.631485299315E+00
  9002    3.631384855756E+00
  9003    3.631284395255E+00
  9004    3.631183917833E+00
  9005    3.631083423512E+00
  9006    3.630982912315E+00
  9007    3.630882384262E+00
  9008    3.630781839376E+00
  9009    3.630681277678E+00
  9010    3.630580699189E+00
  9011    3.630480103931E+00
  9012    3.630379491925E+00
  9013    3.630278863192E+00
  9014    3.630178217754E+00
  9015    3.630077555630E+00
  9016    3.629976876843E+00
  9017    3.629876181412E+00
  9018    3.629775469359E+00
  9019    3.629674740703E+00
  9020    3.629573995466E+00
  9021    3.629473233668E+00
  9022    3.629372455329E+00
  9023    3.629271660470E+00
  9024    3.629170849109E+00
  9025    3.629070021268E+00
  9026    3.628969176967E+00
  9027    3.628868316224E+00
  9028    3.628767439061E+00
  9029    3.628666545496E+00
  9030    3.628565635548E+00
  9031    3.628464709239E+00
  9032    3.628363766586E+00
  9033    3.628262807610E+00
  9034    3.628161832329E+00
  9035    3.628060840762E+00
  9036    3.627959832929E+00
  9037    3.627858808849E+00
  9038    3.627757768539E+00
  9039    3.627656712020E+00
  9040    3.627555639310E+00
  9041    3.627454550427E+00
  9101    3.631603838585E+00
  9102    3.631503405169E+00
  9103    3.631402954814E+00
  9104    3.631302487541E+00
  9105    3.631202003373E+00
  9106    3.631101502332E+00
  9107    3.631000984438E+00
  9108    3.630900449714E+00
  9109    3.630799898181E+00
  9110    3.630699329861E+00
  9111    3.630598744775E+00
  9112    3.630498142944E+00
  9113    3.630397524390E+00
  9114    3.630296889133E+00
  9115    3.630196237194E+00
  9116    3.630095568595E+00
  9117    3.629994883355E+00
  9118    3.629894181497E+00
  9119    3.629793463039E+00
  9120    3.629692728003E+00
  9121    3.629591976409E+00
  9122    3.629491208277E+00
  9123    3.629390423628E+00
  9124    3.629289622481E+00
  9125    3.629188804857E+00
  9126    3.629087970775E+00
  9127    3.628987120256E+00
  9128    3.628886253319E+00
  9129    3.628785369983E+00
  9130    3.628684470269E+00
  9131    3.628583554196E+00
  9132    3.628482621782E+00
  9133    3.628381673048E+00
  9134    3.628280708013E+00
  9135    3.628179726695E+00
  9136    3.628078729114E+00
  9137    3.627977715289E+00
  9138    3.627876685238E+00
  9139    3.627775638980E+00
  9140    3.627674576534E+00
  9141    3.627573497919E+00
  9142    3.627472403153E+00
  9143    3.627371292255E+00
  9201    3.631722365886E+00
  9202    3.631621942610E+00
  9203    3.631521502399E+00
  9204    3.631421045273E+00
  9205    3.631320571255E+00
  9206    3.631220080366E+00
  9207    3.631119572629E+00
  9208    3.631019048064E+00
  9209    3.630918506694E+00
  9210    3.630817948540E+00
  9211    3.630717373623E+00
  9212    3.630616781965E+00
  9213    3.630516173586E+00
  9214    3.630415548507E+00
  9215    3.630314906751E+00
  9216    3.630214248336E+00
  9217    3.630113573285E+00
  9218    3.630012881618E+00
  9219    3.629912173355E+00
  9220    3.629811448517E+00
  9221    3.629710707124E+00
  9222    3.629609949197E+00
  9223    3.629509174755E+00
  9224    3.629408383819E+00
  9225    3.629307576409E+00
  9226    3.629206752545E+00
  9227    3.629105912246E+00
  9228    3.629005055532E+00
  9229    3.628904182424E+00
  9230    3.628803292940E+00
  9231    3.628702387099E+00
  9232    3.628601464922E+00
  9233    3.628500526428E+00
  9234    3.628399571635E+00
  9235    3.628298600563E+00
  9236    3.628197613231E+00
  9237    3.628096609658E+00
  9238    3.627995589863E+00
  9239    3.627894553864E+00
  9240    3.627793501680E+00
  9241    3.627692433330E+00
  9242    3.627591348833E+00
  9243    3.627490248205E+00
  9244    3.627389131467E+00
  9245    3.627287998637E+00
  9246    3.627186849731E+00
  9301    3.631840881222E+00
  9302    3.631740468084E+00
  9303    3.631640038013E+00
  9304    3.631539591031E+00
  9305    3.631439127160E+00
  9306    3.631338646421E+00
  9307    3.631238148837E+00
  9308    3.631137634429E+00
  9309    3.631037103219E+00
  9310    3.630936555228E+00
  9311    3.630835990478E+00
  9312    3.630735408989E+00
  9313    3.630634810782E+00
  9314    3.630534195880E+00
  9315    3.630433564303E+00
  9316    3.630332916071E+00
  9317    3.630232251205E+00
  9318    3.630131569727E+00
  9319    3.630030871656E+00
  9320    3.629930157013E+00
  9321    3.629829425818E+00
  9322    3.629728678092E+00
  9323    3.629627913856E+00
  9324    3.629527133128E+00
  9325    3.629426335929E+00
  9326    3.629325522279E+00
  9327    3.629224692198E+00
  9328    3.629123845705E+00
  9329    3.629022982820E+00
  9330    3.628922103563E+00
  9331    3.628821207953E+00
  9332    3.628720296009E+00
  9333    3.628619367752E+00
  9334    3.628518423199E+00
  9335    3.628417462370E+00
  9336    3.628316485285E+00
  9337    3.628215491961E+00
  9338    3.628114482418E+00
  9339    3.628013456675E+00
  9340    3.627912414751E+00
  9341    3.627811356663E+00
  9342    3.627710282431E+00
  9343    3.627609192072E+00
  9344    3.627508085606E+00
  9345    3.627406963050E+00
  9346    3.627305824423E+00
  9347    3.627204669742E+00
  9348    3.627103499027E+00
  9401    3.631959384597E+00
  9402    3.631858981593E+00
  9403    3.631758561660E+00
  9404    3.631658124819E+00
  9405    3.631557671092E+00
  9406    3.631457200501E+00
  9407    3.631356713067E+00
  9408    3.631256208813E+00
  9409    3.631155687760E+00
  9410    3.631055149929E+00
  9411    3.630954595342E+00
  9412    3.630854024020E+00
  9413    3.630753435984E+00
  9414    3.630652831255E+00
  9415    3.630552209853E+00
  9416    3.630451571801E+00
  9417    3.630350917118E+00
  9418    3.630250245825E+00
  9419    3.630149557944E+00
  9420    3.630048853493E+00
  9421    3.629948132494E+00
  9422    3.629847394967E+00
  9423    3.629746640932E+00
  9424    3.629645870409E+00
  9425    3.629545083419E+00
  9426    3.629444279980E+00
  9427    3.629343460114E+00
  9428    3.629242623839E+00
  9429    3.629141771175E+00
  9430    3.629040902143E+00
  9431    3.628940016760E+00
  9432    3.628839115047E+00
  9433    3.628738197023E+00
  9434    3.628637262708E+00
  9435    3.628536312119E+00
  9436    3.628435345277E+00
  9437    3.628334362200E+00
  9438    3.628233362907E+00
  9439    3.628132347417E+00
  9440    3.628031315749E+00
  9441    3.627930267920E+00
  9442    3.627829203951E+00
  9443    3.627728123858E+00
  9444    3.627627027661E+00
  9445    3.627525915377E+00
  9446    3.627424787025E+00
  9447    3.627323642623E+00
  9448    3.627222482189E+00
  9449    3.627121305741E+00
  9450    3.627020113296E+00
  9501    3.632077876013E+00
  9502    3.631977483141E+00
  9503    3.631877073343E+00
  9504    3.631776646640E+00
  9505    3.631676203054E+00
  9506    3.631575742608E+00
  9507    3.631475265322E+00
  9508    3.631374771219E+00
  9509    3.631274260320E+00
  9510    3.631173732647E+00
  9511    3.631073188221E+00
  9512    3.630972627062E+00
  9513    3.630872049193E+00
  9514    3.630771454634E+00
  9515    3.630670843406E+00
  9516    3.630570215531E+00
  9517    3.630469571028E+00
  9518    3.630368909918E+00
  9519    3.630268232223E+00
  9520    3.630167537962E+00
  9521    3.630066827155E+00
  9522    3.629966099824E+00
  9523    3.629865355988E+00
  9524    3.629764595668E+00
  9525    3.629663818883E+00
  9526    3.629563025653E+00
  9527    3.629462215998E+00
  9528    3.629361389939E+00
  9529    3.629260547493E+00
  9530    3.629159688682E+00
  9531    3.629058813524E+00
  9532    3.628957922039E+00
  9533    3.628857014246E+00
  9534    3.628756090165E+00
  9535    3.628655149814E+00
  9536    3.628554193212E+00
  9537    3.628453220379E+00
  9538    3.628352231333E+00
  9539    3.628251226093E+00
  9540    3.628150204678E+00
  9541    3.628049167106E+00
  9542    3.627948113396E+00
  9543    3.627847043566E+00
  9544    3.627745957635E+00
  9545    3.627644855621E+00
  9546    3.627543737541E+00
  9547    3.627442603415E+00
  9548    3.627341453259E+00
  9549    3.627240287093E+00
  9550    3.627139104934E+00
  9551    3.627037906799E+00
  9552    3.626936692706E+00
  9553    3.626835462674E+00
  9601    3.632196355474E+00
  9602    3.632095972731E+00
  9603    3.631995573065E+00
  9604    3.631895156497E+00
  9605    3.631794723050E+00
  9606    3.631694272746E+00
  9607    3.631593805605E+00
  9608    3.631493321650E+00
  9609    3.631392820903E+00
  9610    3.631292303384E+00
  9611    3.631191769116E+00
  9612    3.631091218118E+00
  9613    3.630990650413E+00
  9614    3.630890066022E+00
  9615    3.630789464965E+00
  9616    3.630688847263E+00
  9617    3.630588212937E+00
  9618    3.630487562008E+00
  9619    3.630386894496E+00
  9620    3.630286210421E+00
  9621    3.630185509805E+00
  9622    3.630084792667E+00
  9623    3.629984059027E+00
  9624    3.629883308906E+00
  9625    3.629782542324E+00
  9626    3.629681759300E+00
  9627    3.629580959855E+00
  9628    3.629480144007E+00
  9629    3.629379311777E+00
  9630    3.629278463184E+00
  9631    3.629177598248E+00
  9632    3.629076716988E+00
  9633    3.628975819424E+00
  9634    3.628874905574E+00
  9635    3.628773975457E+00
  9636    3.628673029093E+00
  9637    3.628572066501E+00
  9638    3.628471087699E+00
  9639    3.628370092707E+00
  9640    3.628269081542E+00
  9641    3.628168054224E+00
  9642    3.628067010771E+00
  9643    3.627965951201E+00
  9644    3.627864875533E+00
  9645    3.627763783785E+00
  9646    3.627662675975E+00
  9647    3.627561552121E+00
  9648    3.627460412241E+00
  9649    3.627359256354E+00
  9650    3.627258084477E+00
  9651    3.627156896628E+00
  9652    3.627055692824E+00
  9653    3.626954473083E+00
  9654    3.626853237423E+00
  9655    3.626751985861E+00
  9737    3.628690900570E+00
  9738    3.628589932009E+00
  9739    3.628488947261E+00
  9740    3.628387946344E+00
  9741    3.628286929277E+00
  9742    3.628185896077E+00
  9743    3.628084846765E+00
  9744    3.627983781357E+00
  9745    3.627882699872E+00
  9746    3.627781602329E+00
  9747    3.627680488745E+00
  9748    3.627579359139E+00
  9749    3.627478213528E+00
  9750    3.627377051930E+00
  9751    3.627275874363E+00
  9752    3.627174680845E+00
  9753    3.627073471393E+00
  9754    3.626972246025E+00
  9755    3.626871004758E+00
  9756    3.626769747610E+00
  9757    3.626668474598E+00
