  7401    3.028467934955E+01
  7402    3.026877470501E+01
  7403    3.025357796068E+01
  7501    2.957569772973E+01
  7502    2.956519074616E+01
  7503    2.955739764429E+01
  7504    2.954256377993E+01
  7505    2.953702271302E+01
  7601    2.881159060340E+01
  7602    2.880779377702E+01
  7603    2.879622993431E+01
  7604    2.877966722292E+01
  7605    2.878372415100E+01
  7606    2.876725488936E+01
  7607    2.876213346590E+01
  7701    2.798609430008E+01
  7702    2.798277308954E+01
  7703    2.797784462201E+01
  7704    2.797448410743E+01
  7705    2.797238592608E+01
  7706    2.796161272474E+01
  7707    2.795726410998E+01
  7708    2.795488307049E+01
  7709    2.794301507791E+01
  7710    2.793676812693E+01
  7801    2.709964275954E+01
  7802    2.710245338636E+01
  7803    2.710421140994E+01
  7804    2.709213329896E+01
  7805    2.708661470583E+01
  7806    2.708916204789E+01
  7807    2.709326017669E+01
  7808    2.708248460051E+01
  7809    2.707830077718E+01
  7810    2.708508526660E+01
  7811    2.707599660979E+01
  7812    2.707225183634E+01
  7901    2.614640461327E+01
  7902    2.615103721176E+01
  7903    2.614932973430E+01
  7904    2.615479898209E+01
  7905    2.614997838766E+01
  7906    2.614922018338E+01
  7907    2.615721584558E+01
  7908    2.615424361773E+01
  7909    2.615382795693E+01
  7910    2.614999021810E+01
  7911    2.615460165239E+01
  7912    2.615143871865E+01
  7913    2.615435852916E+01
  7914    2.615353914207E+01
  7915    2.615806433639E+01
  8001    2.512794867771E+01
  8002    2.513589051773E+01
  8003    2.513973596678E+01
  8004    2.514843615103E+01
  8005    2.515250603372E+01
  8006    2.515926425127E+01
  8007    2.515609283301E+01
  8008    2.516016159625E+01
  8009    2.516438266241E+01
  8010    2.516774714765E+01
  8011    2.516917937817E+01
  8012    2.516894508384E+01
  8013    2.517484087215E+01
  8014    2.517597797768E+01
  8015    2.518072558810E+01
  8016    2.517739208445E+01
  8017    2.518190328431E+01
  8101    2.404544920558E+01
  8102    2.405751686174E+01
  8103    2.406587145858E+01
  8104    2.407084560520E+01
  8105    2.407304665599E+01
  8106    2.408565018552E+01
  8107    2.409476694484E+01
  8108    2.410584627994E+01
  8109    2.410278915232E+01
  8110    2.410967868481E+01
  8111    2.410758526349E+01
  8112    2.413114167135E+01
  8113    2.413090155560E+01
  8114    2.412803881389E+01
  8115    2.413892958125E+01
  8116    2.413716346600E+01
  8117    2.414561747049E+01
  8118    2.414240538344E+01
  8119    2.415379942560E+01
  8201    2.289035672895E+01
  8202    2.290117291473E+01
  8203    2.291721785253E+01
  8204    2.292372049555E+01
  8205    2.292800741839E+01
  8206    2.294596578734E+01
  8207    2.295622184726E+01
  8208    2.296624722845E+01
  8209    2.298194683646E+01
  8210    2.298753114727E+01
  8211    2.299932307158E+01
  8212    2.300805656739E+01
  8213    2.301576047110E+01
  8214    2.301263264292E+01
  8215    2.303243021617E+01
  8216    2.304479586414E+01
  8217    2.304362850007E+01
  8218    2.305494105679E+01
  8219    2.306091814910E+01
  8220    2.306854223088E+01
  8221    2.307313230235E+01
  8222    2.308165021456E+01
  8301    2.167706031830E+01
  8302    2.168654931960E+01
  8303    2.169173158107E+01
  8304    2.171001984918E+01
  8305    2.172641227262E+01
  8306    2.173763687627E+01
  8307    2.175574092439E+01
  8308    2.177623028795E+01
  8309    2.177732381287E+01
  8310    2.179201389571E+01
  8311    2.180046547822E+01
  8312    2.181618682616E+01
  8313    2.183435556722E+01
  8314    2.184116688342E+01
  8315    2.185620296488E+01
  8316    2.186140174575E+01
  8317    2.186812217241E+01
  8318    2.187619854730E+01
  8319    2.188992406757E+01
  8320    2.189692284078E+01
  8321    2.190613759031E+01
  8322    2.191419460814E+01
  8323    2.192654809305E+01
  8324    2.193092465290E+01
  8401    2.037938978838E+01
  8402    2.039138312817E+01
  8403    2.041300960123E+01
  8404    2.043602421702E+01
  8405    2.044769038741E+01
  8406    2.047543731862E+01
  8407    2.048147072201E+01
  8408    2.050602318238E+01
  8409    2.051579302437E+01
  8410    2.052440254099E+01
  8411    2.054116640925E+01
  8412    2.056037056007E+01
  8413    2.056393558446E+01
  8414    2.058574815281E+01
  8415    2.060427249932E+01
  8416    2.061744678183E+01
  8417    2.063217757834E+01
  8418    2.062794788410E+01
  8419    2.064657520123E+01
  8420    2.066057922337E+01
  8421    2.067224004941E+01
  8422    2.069627494626E+01
  8423    2.069978260856E+01
  8424    2.070455327597E+01
  8425    2.070441962038E+01
  8426    2.073365909236E+01
  8501    1.902164469993E+01
  8502    1.904921529699E+01
  8503    1.907209552607E+01
  8504    1.908408821911E+01
  8505    1.910393130938E+01
  8506    1.912481105268E+01
  8507    1.914328216673E+01
  8508    1.916159791978E+01
  8509    1.917287687848E+01
  8510    1.919537478278E+01
  8511    1.921755836799E+01
  8512    1.923635018173E+01
  8513    1.924814637417E+01
  8514    1.926817967642E+01
  8515    1.928028744291E+01
  8516    1.929369944439E+01
  8517    1.931233158380E+01
  8518    1.933366557918E+01
  8519    1.934093538056E+01
  8520    1.935862141954E+01
  8521    1.937939893984E+01
  8522    1.939102366959E+01
  8523    1.939983002682E+01
  8524    1.941205204838E+01
  8525    1.943466635499E+01
  8526    1.944608019799E+01
  8527    1.945805827248E+01
  8528    1.947087985231E+01
  8529    1.947279701327E+01
  8601    1.760648701456E+01
  8602    1.763064879731E+01
  8603    1.765162147433E+01
  8604    1.768385698330E+01
  8605    1.770040675514E+01
  8606    1.772030330494E+01
  8607    1.774643572285E+01
  8608    1.776210113669E+01
  8609    1.778295416202E+01
  8610    1.780253856503E+01
  8611    1.782475771959E+01
  8612    1.783406876183E+01
  8613    1.785254511976E+01
  8614    1.788544693200E+01
  8615    1.789092875396E+01
  8616    1.791353613167E+01
  8617    1.793693198205E+01
  8618    1.796022374995E+01
  8619    1.797192949578E+01
  8620    1.797973136520E+01
  8621    1.800234193307E+01
  8622    1.802520563202E+01
  8623    1.803738235391E+01
  8624    1.805674477027E+01
  8625    1.806936845742E+01
  8626    1.808404185035E+01
  8627    1.810477372634E+01
  8628    1.811136492526E+01
  8629    1.812347057052E+01
  8630    1.814147320247E+01
  8631    1.816074371669E+01
  8701    1.613313980669E+01
  8702    1.615799879332E+01
  8703    1.618390927097E+01
  8704    1.620840226061E+01
  8705    1.622455693731E+01
  8706    1.625694170260E+01
  8707    1.628086511895E+01
  8708    1.630593177987E+01
  8709    1.632860722067E+01
  8710    1.634875508454E+01
  8711    1.637067454578E+01
  8712    1.639663823862E+01
  8713    1.641860197701E+01
  8714    1.643635578942E+01
  8715    1.646535951537E+01
  8716    1.647194426394E+01
  8717    1.649927591170E+01
  8718    1.651712992334E+01
  8719    1.652640128095E+01
  8720    1.655869886742E+01
  8721    1.656277873037E+01
  8722    1.658844685063E+01
  8723    1.660331813169E+01
  8724    1.662112705409E+01
  8725    1.664895708829E+01
  8726    1.666481335847E+01
  8727    1.667962859369E+01
  8728    1.670445172718E+01
  8729    1.671189877255E+01
  8730    1.673148604266E+01
  8731    1.674739126559E+01
  8732    1.677059274662E+01
  8733    1.677934190814E+01
  8734    1.679740699503E+01
  8801    1.461778336945E+01
  8802    1.463168427836E+01
  8803    1.465584493727E+01
  8804    1.468237048815E+01
  8805    1.470696716725E+01
  8806    1.474004998752E+01
  8807    1.476652173871E+01
  8808    1.478711734773E+01
  8809    1.481444707957E+01
  8810    1.483785465102E+01
  8811    1.486426123958E+01
  8812    1.488301207194E+01
  8813    1.490520422272E+01
  8814    1.491965370033E+01
  8815    1.495465343120E+01
  8816    1.497475721478E+01
  8817    1.499269553742E+01
  8818    1.502647372267E+01
  8819    1.504007112058E+01
  8820    1.506324928005E+01
  8821    1.508325216621E+01
  8822    1.509839493674E+01
  8823    1.511080878424E+01
  8824    1.513866957361E+01
  8825    1.516335745227E+01
  8826    1.518340104999E+01
  8827    1.519854667505E+01
  8828    1.521465027574E+01
  8829    1.524565806657E+01
  8830    1.524320808884E+01
  8831    1.525930590433E+01
  8832    1.529453747168E+01
  8833    1.529652140509E+01
  8834    1.532568850818E+01
  8835    1.533770410193E+01
  8836    1.535522148520E+01
  8901    1.302636060443E+01
  8902    1.304997007489E+01
  8903    1.307921878593E+01
  8904    1.311498598240E+01
  8905    1.313718894124E+01
  8906    1.316205559547E+01
  8907    1.319385438035E+01
  8908    1.321744133705E+01
  8909    1.324419842347E+01
  8910    1.327004174711E+01
  8911    1.329525699449E+01
  8912    1.332057438097E+01
  8913    1.333794590374E+01
  8914    1.335806893056E+01
  8915    1.338973218709E+01
  8916    1.341692276699E+01
  8917    1.343864484320E+01
  8918    1.346089244418E+01
  8919    1.348576046874E+01
  8920    1.351071490039E+01
  8921    1.352950616353E+01
  8922    1.355912776431E+01
  8923    1.357947452917E+01
  8924    1.358819253029E+01
  8925    1.361398712386E+01
  8926    1.363215126891E+01
  8927    1.365648409983E+01
  8928    1.367153889502E+01
  8929    1.370045611256E+01
  8930    1.370958661105E+01
  8931    1.373433145234E+01
  8932    1.375447120438E+01
  8933    1.375722041946E+01
  8934    1.378396672173E+01
  8935    1.381033291827E+01
  8936    1.383367793881E+01
  8937    1.384605625415E+01
  8938    1.386741820771E+01
  9001    1.140557299652E+01
  9002    1.143771936032E+01
  9003    1.146249790074E+01
  9004    1.149704595513E+01
  9005    1.152235302611E+01
  9006    1.155032131810E+01
  9007    1.157769029719E+01
  9008    1.160253888717E+01
  9009    1.164667627981E+01
  9010    1.164903828325E+01
  9011    1.168102083862E+01
  9012    1.170655352050E+01
  9013    1.173428511942E+01
  9014    1.175787361742E+01
  9015    1.177121863915E+01
  9016    1.181253302788E+01
  9017    1.183339047762E+01
  9018    1.185701834533E+01
  9019    1.187787448858E+01
  9020    1.190248841413E+01
  9021    1.192413668587E+01
  9022    1.194838445384E+01
  9023    1.196677913399E+01
  9024    1.199885210066E+01
  9025    1.201161665360E+01
  9026    1.204040582720E+01
  9027    1.206361104280E+01
  9028    1.207637737150E+01
  9029    1.209831960039E+01
  9030    1.212134011454E+01
  9031    1.214293748251E+01
  9032    1.215850137352E+01
  9033    1.218541663046E+01
  9034    1.219969134652E+01
  9035    1.221483145184E+01
  9036    1.223444287818E+01
  9037    1.226019762670E+01
  9038    1.227397948806E+01
  9039    1.229264639533E+01
  9040    1.231405899604E+01
  9041    1.233135119763E+01
  9101    9.733664921652E+00
  9102    9.769556380449E+00
  9103    9.800798437878E+00
  9104    9.837787969539E+00
  9105    9.866032031203E+00
  9106    9.890227316216E+00
  9107    9.920078008627E+00
  9108    9.944909260456E+00
  9109    9.964527140630E+00
  9110    9.992836061544E+00
  9111    1.002359404801E+01
  9112    1.005130743513E+01
  9113    1.007820998199E+01
  9114    1.010744655566E+01
  9115    1.012747962161E+01
  9116    1.015638082442E+01
  9117    1.017890899256E+01
  9118    1.020943789518E+01
  9119    1.023207051325E+01
  9120    1.025032372125E+01
  9121    1.027970873506E+01
  9122    1.030089894826E+01
  9123    1.033558775498E+01
  9124    1.035244743126E+01
  9125    1.037162544088E+01
  9126    1.039339705622E+01
  9127    1.042129320445E+01
  9128    1.043799791000E+01
  9129    1.044899545123E+01
  9130    1.048696276213E+01
  9131    1.050052750895E+01
  9132    1.052567474190E+01
  9133    1.053914886704E+01
  9134    1.055765849568E+01
  9135    1.058343814163E+01
  9136    1.060110051064E+01
  9137    1.062016354527E+01
  9138    1.063796775678E+01
  9139    1.065948612819E+01
  9140    1.068681998825E+01
  9141    1.070016154062E+01
  9142    1.072476927927E+01
  9143    1.072457925361E+01
  9201    8.052311127276E+00
  9202    8.082575748717E+00
  9203    8.111590274855E+00
  9204    8.138253342968E+00
  9205    8.170145086188E+00
  9206    8.198339733674E+00
  9207    8.229650034596E+00
  9208    8.248173522721E+00
  9209    8.289019476333E+00
  9210    8.302475106901E+00
  9211    8.340173710761E+00
  9212    8.351832655228E+00
  9213    8.382994109747E+00
  9214    8.411737445299E+00
  9215    8.440442629078E+00
  9216    8.465895999323E+00
  9217    8.490283863949E+00
  9218    8.513068166749E+00
  9219    8.535012004027E+00
  9220    8.568071919123E+00
  9221    8.590407676975E+00
  9222    8.611350845262E+00
  9223    8.632584881934E+00
  9224    8.659972746849E+00
  9225    8.679174456562E+00
  9226    8.703577657424E+00
  9227    8.725918705295E+00
  9228    8.748152968722E+00
  9229    8.774076904034E+00
  9230    8.792020758690E+00
  9231    8.805299744958E+00
  9232    8.831456730301E+00
  9233    8.859257922662E+00
  9234    8.881618473241E+00
  9235    8.892735355436E+00
  9236    8.916954813621E+00
  9237    8.931916955453E+00
  9238    8.965189426598E+00
  9239    8.973452130781E+00
  9240    8.989343716051E+00
  9241    9.014412530114E+00
  9242    9.027189571097E+00
  9243    9.050903172101E+00
  9244    9.079818692542E+00
  9245    9.086425996600E+00
  9246    9.102544484421E+00
  9301    6.328845498783E+00
  9302    6.363481457452E+00
  9303    6.387451700441E+00
  9304    6.425968803251E+00
  9305    6.453347411550E+00
  9306    6.477247934980E+00
  9307    6.509104906853E+00
  9308    6.544541277557E+00
  9309    6.560166471676E+00
  9310    6.587813382182E+00
  9311    6.617009013930E+00
  9312    6.640673398230E+00
  9313    6.666169248813E+00
  9314    6.701201499982E+00
  9315    6.716657907541E+00
  9316    6.737582395732E+00
  9317    6.776852854511E+00
  9318    6.808439597013E+00
  9319    6.816196350562E+00
  9320    6.846232429092E+00
  9321    6.867591330601E+00
  9322    6.887129995359E+00
  9323    6.908245169725E+00
  9324    6.935615589176E+00
  9325    6.963858557973E+00
  9326    6.967344599707E+00
  9327    6.999758032621E+00
  9328    7.026194720459E+00
  9329    7.040975959346E+00
  9330    7.057544753352E+00
  9331    7.086828178180E+00
  9332    7.109281218902E+00
  9333    7.128797655219E+00
  9334    7.149123615225E+00
  9335    7.165998601862E+00
  9336    7.195782014073E+00
  9337    7.212087557924E+00
  9338    7.218239661194E+00
  9339    7.253735146597E+00
  9340    7.266865704837E+00
  9341    7.282512554098E+00
  9342    7.307889449528E+00
  9343    7.326110985098E+00
  9344    7.329585092737E+00
  9345    7.365768201246E+00
  9346    7.377985927163E+00
  9347    7.393257337859E+00
  9348    7.411006122378E+00
  9401    4.593310140513E+00
  9402    4.627692633944E+00
  9403    4.655896821173E+00
  9404    4.673201653180E+00
  9405    4.718183592143E+00
  9406    4.735306625963E+00
  9407    4.759833769071E+00
  9408    4.788394295929E+00
  9409    4.808369155440E+00
  9410    4.831748674090E+00
  9411    4.865474809719E+00
  9412    4.898166466789E+00
  9413    4.923709610653E+00
  9414    4.946368834891E+00
  9415    4.970792021766E+00
  9416    4.987376444944E+00
  9417    5.024243759121E+00
  9418    5.043837754010E+00
  9419    5.064056905733E+00
  9420    5.082019761700E+00
  9421    5.112629581570E+00
  9422    5.133028124123E+00
  9423    5.165736458692E+00
  9424    5.184946229794E+00
  9425    5.202977095902E+00
  9426    5.220888449741E+00
  9427    5.246633862094E+00
  9428    5.266645630474E+00
  9429    5.293571339101E+00
  9430    5.304454655950E+00
  9431    5.326726570886E+00
  9432    5.350957566908E+00
  9433    5.366969748468E+00
  9434    5.388854181616E+00
  9435    5.415170628890E+00
  9436    5.433061138970E+00
  9437    5.447047400393E+00
  9438    5.461160907323E+00
  9439    5.483799138136E+00
  9440    5.499193386728E+00
  9441    5.521248205579E+00
  9442    5.539874038798E+00
  9443    5.555772620497E+00
  9444    5.577467033072E+00
  9445    5.595273030216E+00
  9446    5.604441379439E+00
  9447    5.630615778360E+00
  9448    5.645757839285E+00
  9449    5.664810885689E+00
  9450    5.678397170682E+00
  9501    2.844514245614E+00
  9502    2.872230166464E+00
  9503    2.893046032148E+00
  9504    2.925556591921E+00
  9505    2.946763373815E+00
  9506    2.978935268276E+00
  9507    3.000652426758E+00
  9508    3.028564761435E+00
  9509    3.049595838462E+00
  9510    3.080295919777E+00
  9511    3.106383145292E+00
  9512    3.134257183276E+00
  9513    3.152451966616E+00
  9514    3.186211959262E+00
  9515    3.202573151422E+00
  9516    3.219777489176E+00
  9517    3.246885792731E+00
  9518    3.270370881571E+00
  9519    3.287812448158E+00
  9520    3.313821938378E+00
  9521    3.337137431038E+00
  9522    3.356677354757E+00
  9523    3.364876309662E+00
  9524    3.391637997913E+00
  9525    3.419824420307E+00
  9526    3.441674001065E+00
  9527    3.475807158736E+00
  9528    3.483287231639E+00
  9529    3.496990711358E+00
  9530    3.522739285541E+00
  9531    3.541527511168E+00
  9532    3.564882411056E+00
  9533    3.582260872506E+00
  9534    3.603055124589E+00
  9535    3.627807685568E+00
  9536    3.640441494286E+00
  9537    3.665886929217E+00
  9538    3.674901890931E+00
  9539    3.695110470670E+00
  9540    3.709168964268E+00
  9541    3.728207747727E+00
  9542    3.742938211665E+00
  9543    3.765533096372E+00
  9544    3.781861699914E+00
  9545    3.805776396914E+00
  9546    3.809875677480E+00
  9547    3.836468948075E+00
  9548    3.849226258679E+00
  9549    3.863110822866E+00
  9550    3.866711753034E+00
  9551    3.886556568112E+00
  9552    3.909907875341E+00
  9553    3.913307084577E+00
  9601    1.077782236430E+00
  9602    1.102881845535E+00
  9603    1.129109465401E+00
  9604    1.143165865116E+00
  9605    1.171853700054E+00
  9606    1.199612355146E+00
  9607    1.228690079960E+00
  9608    1.254163988371E+00
  9609    1.272661255143E+00
  9610    1.302124423887E+00
  9611    1.326550455927E+00
  9612    1.339442932493E+00
  9613    1.373437286661E+00
  9614    1.389474906308E+00
  9615    1.409322233324E+00
  9616    1.434795478489E+00
  9617    1.464724023824E+00
  9618    1.479678324747E+00
  9619    1.502691988533E+00
  9620    1.516088712595E+00
  9621    1.542165374751E+00
  9622    1.573192320724E+00
  9623    1.582678371563E+00
  9624    1.601628867864E+00
  9625    1.618145628613E+00
  9626    1.644734186964E+00
  9627    1.663165313979E+00
  9628    1.677400278984E+00
  9629    1.679790752536E+00
  9630    1.719483756338E+00
  9631    1.734690173257E+00
  9632    1.754481319122E+00
  9633    1.772770672512E+00
  9634    1.791857664449E+00
  9635    1.805652744629E+00
  9636    1.823274910492E+00
  9637    1.840579655358E+00
  9638    1.853760454417E+00
  9639    1.878109125328E+00
  9640    1.884584232176E+00
  9641    1.908187986620E+00
  9642    1.919923375502E+00
  9643    1.933947000816E+00
  9644    1.950654976698E+00
  9645    1.971218198413E+00
  9646    1.989103383359E+00
  9647    2.000099478296E+00
  9648    2.011386539092E+00
  9649    2.026822851276E+00
  9650    2.037008706064E+00
  9651    2.063660948955E+00
  9652    2.072488877579E+00
  9653    2.090558690598E+00
  9654    2.101143499295E+00
  9655    2.118747943205E+00
  9737    3.868612416892E-03
  9738    2.886905426302E-02
  9739    3.299131078782E-02
  9740    5.344366866926E-02
  9741    5.990831178250E-02
  9742    8.091286934178E-02
  9743    9.585612651551E-02
  9744    1.090956911614E-01
  9745    1.231298889464E-01
  9746    1.406506567501E-01
  9747    1.506133402895E-01
  9748    1.644923007922E-01
  9749    1.857437844730E-01
  9750    1.946275137047E-01
  9751    2.082085059231E-01
  9752    2.337701643815E-01
  9753    2.330338748968E-01
  9754    2.390540922519E-01
  9755    2.570215933570E-01
  9756    2.695455853216E-01
  9757    2.819018005959E-01
