    89    1.427231104931E+01
    90    1.423874992736E+01
    91    1.420442985896E+01
    92    1.417051326415E+01
    93    1.413507263552E+01
    94    1.409981035183E+01
    95    1.406404776202E+01
    96    1.402798481203E+01
    97    1.399114254031E+01
    98    1.395462458856E+01
    99    1.391773499447E+01
   100    1.387890368633E+01
   191    1.428601641911E+01
   192    1.425225530761E+01
   193    1.421795076109E+01
   194    1.418405171807E+01
   195    1.414726753290E+01
   196    1.411260017059E+01
   197    1.407680642322E+01
   198    1.404018471046E+01
   199    1.400358884201E+01
   200    1.396610628436E+01
   293    1.429894995864E+01
   294    1.426505894696E+01
   295    1.423072170405E+01
   296    1.419547489613E+01
   297    1.416027608122E+01
   298    1.412394806952E+01
   299    1.408867629475E+01
   300    1.405171571422E+01
   395    1.431208869946E+01
   396    1.427753762499E+01
   397    1.424265131244E+01
   398    1.420811611555E+01
   399    1.417117226861E+01
   400    1.408937078171E+01
   498    1.428875239822E+01
   499    1.420794571242E+01
   500    1.412181837607E+01
