     1    3.340588376184E+01
     2    3.341758758099E+01
     3    3.342945438714E+01
     4    3.344225903077E+01
     5    3.345403468726E+01
     6    3.346632230296E+01
     7    3.347906799506E+01
     8    3.349141530562E+01
     9    3.350361511443E+01
    10    3.351695703085E+01
    11    3.352902658879E+01
    12    3.354114598452E+01
    13    3.355370796404E+01
    14    3.356571172084E+01
    15    3.357921864360E+01
    16    3.359061215211E+01
    17    3.360329730752E+01
    18    3.361452410420E+01
    19    3.362754158984E+01
    20    3.363908779363E+01
    21    3.365241094752E+01
    22    3.366404165300E+01
    23    3.367630302867E+01
    24    3.368882387353E+01
    25    3.370049965691E+01
    26    3.371295000480E+01
    27    3.372541003034E+01
    28    3.373701131193E+01
    29    3.374957240666E+01
    30    3.381796313912E+01
    31    3.404796521001E+01
    32    3.428471000682E+01
    33    3.452968501632E+01
    34    3.477980230670E+01
    35    1.632725222514E+01
   101    3.340410920009E+01
   102    3.341622472413E+01
   103    3.342960692800E+01
   104    3.344135700245E+01
   105    3.345342970418E+01
   106    3.346602267915E+01
   107    3.347791519167E+01
   108    3.349039933704E+01
   109    3.350265538913E+01
   110    3.351561578640E+01
   111    3.352718493912E+01
   112    3.353923814697E+01
   113    3.355192978152E+01
   114    3.356568609517E+01
   115    3.357632079570E+01
   116    3.358918814623E+01
   117    3.360182254743E+01
   118    3.361300456695E+01
   119    3.362575735366E+01
   120    3.363869840556E+01
   121    3.364963906315E+01
   122    3.366202521370E+01
   123    3.367476566533E+01
   124    3.368636359381E+01
   125    3.369903476140E+01
   126    3.371048866506E+01
   127    3.372291037160E+01
   128    3.373559575815E+01
   129    3.374720124871E+01
   130    3.375984355738E+01
   131    3.377093606678E+01
   132    3.378478885951E+01
   133    3.387991542422E+01
   134    2.851629346978E+01
   201    3.340297615487E+01
   202    3.341540723612E+01
   203    3.342799652304E+01
   204    3.344123827050E+01
   205    3.345272927152E+01
   206    3.346533093001E+01
   207    3.347711569204E+01
   208    3.349047338358E+01
   209    3.350252695016E+01
   210    3.351453611607E+01
   211    3.352741461345E+01
   212    3.353936627639E+01
   213    3.355103429640E+01
   214    3.356335491476E+01
   215    3.357552878314E+01
   216    3.358753040179E+01
   217    3.360058283573E+01
   218    3.361203257629E+01
   219    3.362408760436E+01
   220    3.363643684891E+01
   221    3.364828726136E+01
   222    3.366094596594E+01
   223    3.367293956660E+01
   224    3.368683362967E+01
   225    3.369702236220E+01
   226    3.370915633377E+01
   227    3.372137752294E+01
   228    3.373293814110E+01
   229    3.374578756238E+01
   230    3.375717612577E+01
   231    3.376962986774E+01
   232    3.378232142818E+01
   233    3.379415320075E+01
   234    7.963007943435E+00
   301    3.340326388427E+01
   302    3.341504625126E+01
   303    3.342755849453E+01
   304    3.344034391667E+01
   305    3.345271758491E+01
   306    3.346437669335E+01
   307    3.347707670164E+01
   308    3.348957903764E+01
   309    3.350114631923E+01
   310    3.351361228747E+01
   311    3.352541599250E+01
   312    3.353843198817E+01
   313    3.355023576559E+01
   314    3.356269011914E+01
   315    3.357519595295E+01
   316    3.358747154805E+01
   317    3.359918638883E+01
   318    3.361082106712E+01
   319    3.362286395662E+01
   320    3.363534230898E+01
   321    3.364732324803E+01
   322    3.365925504890E+01
   323    3.367146567048E+01
   324    3.368445351346E+01
   325    3.369625950071E+01
   326    3.370812701733E+01
   327    3.372042267042E+01
   328    3.373285335284E+01
   329    3.374433194746E+01
   330    3.375606918652E+01
   331    3.376801315228E+01
   332    3.378015318816E+01
   333    3.222213869031E+01
   401    3.340318026491E+01
   402    3.341595737812E+01
   403    3.342762697808E+01
   404    3.344011477464E+01
   405    3.345192975187E+01
   406    3.346469435879E+01
   407    3.347635439983E+01
   408    3.349011094552E+01
   409    3.350133985744E+01
   410    3.351340671468E+01
   411    3.352580103232E+01
   412    3.353772946226E+01
   413    3.354965380252E+01
   414    3.356163983945E+01
   415    3.357410878606E+01
   416    3.358640971658E+01
   417    3.359984988165E+01
   418    3.361091185259E+01
   419    3.362197800891E+01
   420    3.363491528646E+01
   421    3.364750518566E+01
   422    3.365808633772E+01
   423    3.367101283057E+01
   424    3.368296075164E+01
   425    3.369473292436E+01
   426    3.370651406714E+01
   427    3.371885747332E+01
   428    3.373090684791E+01
   429    3.374215416619E+01
   430    3.375516769976E+01
   431    3.376691256155E+01
   432    3.377921669380E+01
   433    1.583529177421E+01
   501    3.340281710733E+01
   502    3.341563838904E+01
   503    3.342799595287E+01
   504    3.344067725648E+01
   505    3.345193599886E+01
   506    3.346441091339E+01
   507    3.347675594733E+01
   508    3.348955590945E+01
   509    3.350139660687E+01
   510    3.351339907296E+01
   511    3.352502899586E+01
   512    3.353788335303E+01
   513    3.354961312567E+01
   514    3.356160895130E+01
   515    3.357387561989E+01
   516    3.358554844006E+01
   517    3.359777869239E+01
   518    3.360968984155E+01
   519    3.362182981918E+01
   520    3.363385696249E+01
   521    3.364626669800E+01
   522    3.365800686614E+01
   523    3.366963078375E+01
   524    3.368272918613E+01
   525    3.369379307928E+01
   526    3.370580483469E+01
   527    3.371759653528E+01
   528    3.372938859278E+01
   529    3.374215466307E+01
   530    3.375408394677E+01
   531    3.376644176434E+01
   532    3.377768173708E+01
   533    7.459330184419E-01
   601    3.340222110552E+01
   602    3.341556908929E+01
   603    3.342802785634E+01
   604    3.343985500335E+01
   605    3.345296482308E+01
   606    3.346434221137E+01
   607    3.347702176698E+01
   608    3.348843367341E+01
   609    3.350072143180E+01
   610    3.351232899709E+01
   611    3.352566478746E+01
   612    3.353761182111E+01
   613    3.354960161932E+01
   614    3.356130918599E+01
   615    3.357348111911E+01
   616    3.358529824818E+01
   617    3.359695461514E+01
   618    3.360988918422E+01
   619    3.362166581260E+01
   620    3.363326081926E+01
   621    3.364549177977E+01
   622    3.365860910191E+01
   623    3.366950459920E+01
   624    3.368078502859E+01
   625    3.369332929443E+01
   626    3.370504681319E+01
   627    3.371684332010E+01
   628    3.372894634166E+01
   629    3.374096223867E+01
   630    3.375246082147E+01
   631    3.376455840152E+01
   632    2.544495733968E+01
   701    3.340245268382E+01
   702    3.341714626433E+01
   703    3.342859833412E+01
   704    3.344036751236E+01
   705    3.345234875337E+01
   706    3.346517222983E+01
   707    3.347727666281E+01
   708    3.348837799493E+01
   709    3.350181203424E+01
   710    3.351285707076E+01
   711    3.352534270839E+01
   712    3.353759250697E+01
   713    3.354908803942E+01
   714    3.356077293422E+01
   715    3.357318965195E+01
   716    3.358586651258E+01
   717    3.359694946703E+01
   718    3.360909400096E+01
   719    3.362079662457E+01
   720    3.363323455848E+01
   721    3.364589424566E+01
   722    3.365697534576E+01
   723    3.366930049024E+01
   724    3.368122577556E+01
   725    3.369323266120E+01
   726    3.370558111647E+01
   727    3.371648830189E+01
   728    3.372845967998E+01
   729    3.374020927505E+01
   730    3.375222147573E+01
   731    3.376456896385E+01
   732    1.053119115484E+01
   801    3.340362308975E+01
   802    3.341634145328E+01
   803    3.342835414273E+01
   804    3.344190239093E+01
   805    3.345271414935E+01
   806    3.346505870613E+01
   807    3.347846880411E+01
   808    3.349033662346E+01
   809    3.350215548307E+01
   810    3.351357136887E+01
   811    3.352598000690E+01
   812    3.353784336878E+01
   813    3.355043169635E+01
   814    3.356156005422E+01
   815    3.357368920763E+01
   816    3.358500521900E+01
   817    3.359757168803E+01
   818    3.360985592580E+01
   819    3.362086967552E+01
   820    3.363383624542E+01
   821    3.364482382065E+01
   822    3.365623906884E+01
   823    3.366924813775E+01
   824    3.368196696060E+01
   825    3.369321999669E+01
   826    3.370422461640E+01
   827    3.371556389627E+01
   828    3.372808036860E+01
   829    3.374023337101E+01
   830    3.375176419661E+01
   831    3.376439208962E+01
   901    3.340169700929E+01
   902    3.341540249920E+01
   903    3.342802216125E+01
   904    3.344140490194E+01
   905    3.345330249987E+01
   906    3.346626799421E+01
   907    3.347797489480E+01
   908    3.348985547716E+01
   909    3.350312290449E+01
   910    3.351394370440E+01
   911    3.352581839374E+01
   912    3.353865439424E+01
   913    3.355071178801E+01
   914    3.356305312208E+01
   915    3.357383226452E+01
   916    3.358590074389E+01
   917    3.359780137040E+01
   918    3.360992707051E+01
   919    3.362214986330E+01
   920    3.363482311358E+01
   921    3.364620506626E+01
   922    3.365703147087E+01
   923    3.366943559589E+01
   924    3.368030000148E+01
   925    3.369331625978E+01
   926    3.370465737060E+01
   927    3.371730469340E+01
   928    3.372882009632E+01
   929    3.374117452145E+01
   930    3.375110953711E+01
   931    2.193868315821E+01
  1001    3.340401826956E+01
  1002    3.341630163132E+01
  1003    3.342917127144E+01
  1004    3.344118680589E+01
  1005    3.345385413949E+01
  1006    3.346644734511E+01
  1007    3.347893324108E+01
  1008    3.349123713513E+01
  1009    3.350360084120E+01
  1010    3.351470634991E+01
  1011    3.352652318733E+01
  1012    3.353932292156E+01
  1013    3.355090776067E+01
  1014    3.356253382290E+01
  1015    3.357487555010E+01
  1016    3.358733656797E+01
  1017    3.359863969921E+01
  1018    3.361107809674E+01
  1019    3.362194773464E+01
  1020    3.363429658945E+01
  1021    3.364551202934E+01
  1022    3.365768260227E+01
  1023    3.366950005569E+01
  1024    3.368155630480E+01
  1025    3.369335305668E+01
  1026    3.370541660193E+01
  1027    3.371634703360E+01
  1028    3.372833706133E+01
  1029    3.374020229689E+01
  1030    3.375172688212E+01
  1031    8.122830956964E+00
  1101    3.340366871339E+01
  1102    3.341682815242E+01
  1103    3.342928013817E+01
  1104    3.344366609244E+01
  1105    3.345435648237E+01
  1106    3.346755376938E+01
  1107    3.348025730914E+01
  1108    3.349188592335E+01
  1109    3.350380353234E+01
  1110    3.351639584450E+01
  1111    3.352784495420E+01
  1112    3.354017931531E+01
  1113    3.355239595345E+01
  1114    3.356389230153E+01
  1115    3.357580880627E+01
  1116    3.358650586773E+01
  1117    3.359890709762E+01
  1118    3.361209527485E+01
  1119    3.362286441991E+01
  1120    3.363490606981E+01
  1121    3.364628638053E+01
  1122    3.365793555623E+01
  1123    3.367023854654E+01
  1124    3.368199732307E+01
  1125    3.369415883508E+01
  1126    3.370531359613E+01
  1127    3.371744644344E+01
  1128    3.372854318871E+01
  1129    3.374014423767E+01
  1130    3.375127446645E+01
  1202    3.341790918096E+01
  1203    3.343063999643E+01
  1204    3.344330131541E+01
  1205    3.345582289033E+01
  1206    3.346892665252E+01
  1207    3.348030438562E+01
  1208    3.349309340972E+01
  1209    3.350474909505E+01
  1210    3.351694333758E+01
  1211    3.352918951767E+01
  1212    3.354076426445E+01
  1213    3.355292389244E+01
  1214    3.356434294931E+01
  1215    3.357653717225E+01
  1216    3.358900739324E+01
  1217    3.359987198066E+01
  1218    3.361229167667E+01
  1219    3.362354617811E+01
  1220    3.363556820264E+01
  1221    3.364735521093E+01
  1222    3.365957860789E+01
  1223    3.367020577285E+01
  1224    3.368350388100E+01
  1225    3.369393905768E+01
  1226    3.370590862937E+01
  1227    3.371736469465E+01
  1228    3.372960145174E+01
  1229    3.374124654387E+01
  1230    2.110164936712E+01
  1303    3.343153011076E+01
  1304    3.344345577564E+01
  1305    3.345653436994E+01
  1306    3.346910345812E+01
  1307    3.348186842914E+01
  1308    3.349396688916E+01
  1309    3.350677906201E+01
  1310    3.351850539695E+01
  1311    3.352989089100E+01
  1312    3.354215959071E+01
  1313    3.355424581123E+01
  1314    3.356647703736E+01
  1315    3.357882983023E+01
  1316    3.358963315052E+01
  1317    3.360140093539E+01
  1318    3.361388573277E+01
  1319    3.362477002184E+01
  1320    3.363661042082E+01
  1321    3.364815575837E+01
  1322    3.366123869308E+01
  1323    3.367129271315E+01
  1324    3.368399953406E+01
  1325    3.369496403340E+01
  1326    3.370627561145E+01
  1327    3.371875191469E+01
  1328    3.373023898697E+01
  1329    3.374109380656E+01
  1330    8.106218067696E+00
  1404    5.948312815256E-01
  1405    3.345667886285E+01
  1406    3.347014110579E+01
  1407    3.348305086347E+01
  1408    3.349363091978E+01
  1409    3.350801751888E+01
  1410    3.352037982606E+01
  1411    3.353141912767E+01
  1412    3.354425762078E+01
  1413    3.355595752004E+01
  1414    3.356779494682E+01
  1415    3.357944208377E+01
  1416    3.359067705330E+01
  1417    3.360279379516E+01
  1418    3.361444718722E+01
  1419    3.362604486937E+01
  1420    3.363742738463E+01
  1421    3.364938215774E+01
  1422    3.366143546554E+01
  1423    3.367299953268E+01
  1424    3.368410627951E+01
  1425    3.369644333164E+01
  1426    3.370753931502E+01
  1427    3.371929227735E+01
  1428    3.373108948565E+01
  1429    3.374356968456E+01
  1506    3.347165103309E+01
  1507    3.348369594490E+01
  1508    3.349617810782E+01
  1509    3.350849151509E+01
  1510    3.352105324148E+01
  1511    3.353300296203E+01
  1512    3.354434506655E+01
  1513    3.355724838990E+01
  1514    3.356922507684E+01
  1515    3.358013318830E+01
  1516    3.359187520413E+01
  1517    3.360383377257E+01
  1518    3.361825904430E+01
  1519    3.362732062018E+01
  1520    3.363920246841E+01
  1521    3.365122380153E+01
  1522    3.366273109465E+01
  1523    3.367422252851E+01
  1524    3.368558818559E+01
  1525    3.369716124796E+01
  1526    3.370902715101E+01
  1527    3.371989675953E+01
  1528    3.373225780963E+01
  1529    2.252118156600E+01
  1607    3.023062567389E+01
  1608    3.349676514483E+01
  1609    3.350973712817E+01
  1610    3.352166803167E+01
  1611    3.353402814038E+01
  1612    3.354595512824E+01
  1613    3.355860379992E+01
  1614    3.357119727720E+01
  1615    3.358209925169E+01
  1616    3.359399673218E+01
  1617    3.360619021302E+01
  1618    3.361784389769E+01
  1619    3.362880362634E+01
  1620    3.364131364747E+01
  1621    3.365216429117E+01
  1622    3.366372348695E+01
  1623    3.367739905183E+01
  1624    3.368650158874E+01
  1625    3.369986471357E+01
  1626    3.371039114451E+01
  1627    3.372226850711E+01
  1628    3.373350209812E+01
  1629    1.013931421481E+01
  1709    3.351048444980E+01
  1710    3.352374043663E+01
  1711    3.353748948492E+01
  1712    3.354792592272E+01
  1713    3.355993932788E+01
  1714    3.357176262740E+01
  1715    3.358363564563E+01
  1716    3.359598382350E+01
  1717    3.360806472301E+01
  1718    3.361883276226E+01
  1719    3.363129665165E+01
  1720    3.364292888522E+01
  1721    3.365393319604E+01
  1722    3.366560686305E+01
  1723    3.367687906454E+01
  1724    3.368884333147E+01
  1725    3.370024669894E+01
  1726    3.371318163305E+01
  1727    3.372359773517E+01
  1728    3.373493242967E+01
  1810    3.352438141349E+01
  1811    3.353807536316E+01
  1812    3.354935008798E+01
  1813    3.356173081603E+01
  1814    3.357386154372E+01
  1815    3.358527506615E+01
  1816    3.359811738777E+01
  1817    3.360983459520E+01
  1818    3.362105830817E+01
  1819    3.363292386759E+01
  1820    3.364462831232E+01
  1821    3.365564104380E+01
  1822    3.366789365824E+01
  1823    3.367912539146E+01
  1824    3.369032560719E+01
  1825    3.370199433698E+01
  1826    3.371386058064E+01
  1827    3.372456895383E+01
  1828    2.589150860232E+01
  1911    2.594679960246E+01
  1912    3.355039175710E+01
  1913    3.356249100066E+01
  1914    3.357538071222E+01
  1915    3.358714065670E+01
  1916    3.359863841850E+01
  1917    3.361083841262E+01
  1918    3.362301746991E+01
  1919    3.363510698193E+01
  1920    3.364794643950E+01
  1921    3.365922483638E+01
  1922    3.366916604628E+01
  1923    3.368120163374E+01
  1924    3.369218347596E+01
  1925    3.370339587044E+01
  1926    3.371473875916E+01
  1927    3.372687662389E+01
  1928    1.395530162009E+01
  2013    3.356457961861E+01
  2014    3.357723716344E+01
  2015    3.358991140388E+01
  2016    3.360049533258E+01
  2017    3.361377864275E+01
  2018    3.362392908664E+01
  2019    3.363736348118E+01
  2020    3.364846648949E+01
  2021    3.366020770843E+01
  2022    3.367159070598E+01
  2023    3.368318759120E+01
  2024    3.369415718794E+01
  2025    3.370614084983E+01
  2026    3.371738713643E+01
  2027    3.372876249507E+01
  2028    2.647025494661E+00
  2114    3.357828934727E+01
  2115    3.359035570220E+01
  2116    3.360268093946E+01
  2117    3.361511859726E+01
  2118    3.362657256454E+01
  2119    3.363920356115E+01
  2120    3.365029606802E+01
  2121    3.366229714321E+01
  2122    3.367408110799E+01
  2123    3.368511738673E+01
  2124    3.369641247635E+01
  2125    3.370757606503E+01
  2126    3.371918858135E+01
  2127    3.098926189802E+01
  2215    2.442254333943E+01
  2216    3.360512011761E+01
  2217    3.361764317675E+01
  2218    3.362907484462E+01
  2219    3.364078256222E+01
  2220    3.365328697074E+01
  2221    3.366449886917E+01
  2222    3.367719092892E+01
  2223    3.368761208742E+01
  2224    3.369906335673E+01
  2225    3.371019829786E+01
  2226    3.372197975967E+01
  2227    1.936485179143E+01
  2317    3.361839110420E+01
  2318    3.363151222577E+01
  2319    3.364324009032E+01
  2320    3.365478442286E+01
  2321    3.366651212370E+01
  2322    3.367792527058E+01
  2323    3.369013726117E+01
  2324    3.370204302369E+01
  2325    3.371299198132E+01
  2326    3.372420337117E+01
  2327    8.318723608574E+00
  2418    3.363321533153E+01
  2419    3.364451626991E+01
  2420    3.365699210110E+01
  2421    3.366890766351E+01
  2422    3.368052350063E+01
  2423    3.369310836057E+01
  2424    3.370438720462E+01
  2425    3.371537551015E+01
  2426    3.372701799195E+01
  2519    2.512510777998E+01
  2520    3.365901672659E+01
  2521    3.367180526029E+01
  2522    3.368269616698E+01
  2523    3.369475912189E+01
  2524    3.370654209729E+01
  2525    3.371802413954E+01
  2526    2.639635434967E+01
  2621    3.367366747223E+01
  2622    3.368563706591E+01
  2623    3.369711756337E+01
  2624    3.370880775776E+01
  2625    3.372070566913E+01
  2626    1.590775372140E+01
  2722    3.368823853944E+01
  2723    3.369933413789E+01
  2724    3.371139590919E+01
  2725    3.372289887615E+01
  2726    6.019516836339E+00
  2823    2.777812792902E+01
  2824    3.371377091701E+01
  2825    3.372523755736E+01
  2925    2.682653865354E+01
