    30    2.844554781272E-01
    31    1.364239791124E+00
    32    2.466202599281E+00
    33    3.590661420278E+00
    34    4.724250628538E+00
    35    5.511140384257E+00
    36    6.352413023991E+00
    37    7.563759303027E+00
    38    8.784020556559E+00
    39    1.001042226917E+01
    40    1.125004786680E+01
    41    1.248668980882E+01
    42    1.373662935468E+01
    43    1.498536458013E+01
    44    1.536675973178E+01
    45    1.535123993172E+01
    46    1.533579750817E+01
    47    1.531980672616E+01
    48    1.530334054871E+01
    49    1.528655074440E+01
    50    1.526981590434E+01
    51    1.525083507365E+01
    52    1.523346841083E+01
    53    1.521494076202E+01
    54    1.519551205202E+01
    55    1.517688934459E+01
    56    1.515655255250E+01
    57    1.513644176018E+01
    58    1.511662519460E+01
    59    1.509498106240E+01
    60    1.507338795449E+01
    61    1.505146362805E+01
    62    1.502888004789E+01
    63    1.500703719517E+01
    64    1.498322838369E+01
    65    1.495945623516E+01
    66    1.493567159421E+01
    67    1.491132543677E+01
    68    1.488660118139E+01
    69    1.486127884053E+01
    70    1.483585245228E+01
    71    1.481004145419E+01
    72    1.478324262091E+01
    73    1.475655637488E+01
    74    1.472935898730E+01
    75    1.470193911315E+01
    76    1.467366757055E+01
    77    1.464534525689E+01
    78    1.461633966509E+01
    79    1.458736852284E+01
    80    1.455757660974E+01
    81    1.452769437014E+01
    82    1.449713606211E+01
    83    1.446652414465E+01
    84    1.443487338268E+01
    85    1.440315204032E+01
    86    1.437117908851E+01
    87    1.433854052817E+01
    88    1.430561832765E+01
   133    4.342357379584E-01
   134    1.433081737174E+00
   135    2.001790751285E+00
   136    3.165180542891E+00
   137    4.347806150749E+00
   138    5.547919013020E+00
   139    6.750268328514E+00
   140    7.968902749552E+00
   141    9.196473722012E+00
   142    1.043046030403E+01
   143    1.167585280778E+01
   144    1.292400048757E+01
   145    1.417707334756E+01
   146    1.538765156184E+01
   147    1.537306870175E+01
   148    1.535669647051E+01
   149    1.534038567544E+01
   150    1.532368473523E+01
   151    1.530715938325E+01
   152    1.529007158661E+01
   153    1.527150141178E+01
   154    1.525329826257E+01
   155    1.523458791347E+01
   156    1.521542032828E+01
   157    1.519593585060E+01
   158    1.517568382715E+01
   159    1.515559305934E+01
   160    1.513489256377E+01
   161    1.511362307110E+01
   162    1.509197775564E+01
   163    1.507002213491E+01
   164    1.504745705446E+01
   165    1.502441864807E+01
   166    1.500143088482E+01
   167    1.497659594240E+01
   168    1.495341862748E+01
   169    1.492942514882E+01
   170    1.490395720111E+01
   171    1.487848611937E+01
   172    1.485304561884E+01
   173    1.482675232877E+01
   174    1.480007883600E+01
   175    1.477257200326E+01
   176    1.474571040885E+01
   177    1.471772773585E+01
   178    1.468992815164E+01
   179    1.466134452174E+01
   180    1.463295170855E+01
   181    1.460255233559E+01
   182    1.457295013862E+01
   183    1.454204310183E+01
   184    1.451168718206E+01
   185    1.448101390768E+01
   186    1.444958420729E+01
   187    1.441772524533E+01
   188    1.438525328765E+01
   189    1.435284938779E+01
   190    1.431942428510E+01
   236    7.420366020151E-02
   237    1.207520336168E+00
   238    2.360833447883E+00
   239    3.540989867891E+00
   240    4.729021886551E+00
   241    5.938105413143E+00
   242    7.151628494991E+00
   243    8.379827810455E+00
   244    9.614449849762E+00
   245    1.085777726815E+01
   246    1.210875603698E+01
   247    1.336160580992E+01
   248    1.462239504212E+01
   249    1.539282399374E+01
   250    1.537660500267E+01
   251    1.536078384287E+01
   252    1.534384279025E+01
   253    1.532665781648E+01
   254    1.530915908960E+01
   255    1.529126921464E+01
   256    1.527274136410E+01
   257    1.525428832931E+01
   258    1.523453321803E+01
   259    1.521459041206E+01
   260    1.519452296384E+01
   261    1.517420346164E+01
   262    1.515311169966E+01
   263    1.513181647892E+01
   264    1.511032069741E+01
   265    1.508658902996E+01
   266    1.506536821880E+01
   267    1.504262171592E+01
   268    1.501873360623E+01
   269    1.499475996766E+01
   270    1.497097225795E+01
   271    1.494599571143E+01
   272    1.492067557571E+01
   273    1.489522653920E+01
   274    1.486911569960E+01
   275    1.484321355078E+01
   276    1.481641277948E+01
   277    1.478925088675E+01
   278    1.476130683735E+01
   279    1.473339391848E+01
   280    1.470497760711E+01
   281    1.467634256271E+01
   282    1.464718050616E+01
   283    1.461783062994E+01
   284    1.458703772256E+01
   285    1.455720002700E+01
   286    1.452644502292E+01
   287    1.449501573117E+01
   288    1.446367671505E+01
   289    1.443161690426E+01
   290    1.439897696708E+01
   291    1.436571573638E+01
   292    1.433148340368E+01
   339    4.218325331362E-01
   340    1.562530654889E+00
   341    2.738170729976E+00
   342    3.919203554845E+00
   343    5.118620385871E+00
   344    6.336699177940E+00
   345    7.555004557313E+00
   346    8.789929106928E+00
   347    1.004033138977E+01
   348    1.128872697603E+01
   349    1.254424803735E+01
   350    1.380661583957E+01
   351    1.506987932146E+01
   352    1.539674892197E+01
   353    1.538027348315E+01
   354    1.536335245079E+01
   355    1.534667305229E+01
   356    1.532831540204E+01
   357    1.531026153433E+01
   358    1.529145362522E+01
   359    1.527243442491E+01
   360    1.525371994497E+01
   361    1.523353585382E+01
   362    1.521303517886E+01
   363    1.519198428544E+01
   364    1.517126753762E+01
   365    1.514936988001E+01
   366    1.512774535598E+01
   367    1.510536001311E+01
   368    1.508246158757E+01
   369    1.505927732946E+01
   370    1.503590706310E+01
   371    1.501178165093E+01
   372    1.498713765591E+01
   373    1.496233866328E+01
   374    1.493705267467E+01
   375    1.491136796537E+01
   376    1.488440703584E+01
   377    1.485914390593E+01
   378    1.483132344594E+01
   379    1.480454023420E+01
   380    1.477689845523E+01
   381    1.474891934893E+01
   382    1.472007331724E+01
   383    1.469109229183E+01
   384    1.466164797726E+01
   385    1.463139567430E+01
   386    1.460176791155E+01
   387    1.457130261459E+01
   388    1.454021994828E+01
   389    1.450882233268E+01
   390    1.447586469034E+01
   391    1.444437697360E+01
   392    1.441198419245E+01
   393    1.437890595775E+01
   394    1.434603889068E+01
   442    7.645731613546E-01
   443    1.925817100579E+00
   444    3.105665469287E+00
   445    4.302606389138E+00
   446    5.516781091850E+00
   447    6.739265312746E+00
   448    7.972309806100E+00
   449    9.215266024537E+00
   450    1.046601499254E+01
   451    1.172227733133E+01
   452    1.298207659261E+01
   453    1.425197089476E+01
   454    1.541588401225E+01
   455    1.539953542689E+01
   456    1.538233130833E+01
   457    1.536512131087E+01
   458    1.534713394437E+01
   459    1.532851149540E+01
   460    1.530970413479E+01
   461    1.529182340051E+01
   462    1.527059225512E+01
   463    1.525095210584E+01
   464    1.523051869059E+01
   465    1.520967377965E+01
   466    1.518867274841E+01
   467    1.516702621085E+01
   468    1.514472088084E+01
   469    1.512250982324E+01
   470    1.509929799278E+01
   471    1.507523999126E+01
   472    1.505229404216E+01
   473    1.502788028357E+01
   474    1.500339517142E+01
   475    1.497927719213E+01
   476    1.495302150623E+01
   477    1.492696062836E+01
   478    1.490090221917E+01
   479    1.487415681061E+01
   480    1.484657517447E+01
   481    1.481939111767E+01
   482    1.479148218310E+01
   483    1.476318405752E+01
   484    1.473433427467E+01
   485    1.470504446013E+01
   486    1.467583936442E+01
   487    1.464585551173E+01
   488    1.461552536480E+01
   489    1.458365832715E+01
   490    1.455182030631E+01
   491    1.452246642544E+01
   492    1.448867152005E+01
   493    1.445681254056E+01
   494    1.442521070717E+01
   495    1.439121124734E+01
   496    1.435771124369E+01
   497    1.432312525258E+01
   544    1.425557096829E-01
   545    1.123425275294E+00
   546    2.295587998138E+00
   547    3.487546981544E+00
   548    4.696345366403E+00
   549    5.913366198715E+00
   550    7.146581883696E+00
   551    8.390063816314E+00
   552    9.638912756538E+00
   553    1.089962475124E+01
   554    1.216450150706E+01
   555    1.343314774197E+01
   556    1.470385234788E+01
   557    1.541682912815E+01
   558    1.540063633119E+01
   559    1.538321434491E+01
   560    1.536512232554E+01
   561    1.534673096078E+01
   562    1.532758098842E+01
   563    1.530860079674E+01
   564    1.528850740588E+01
   565    1.526863732523E+01
   566    1.524811769810E+01
   567    1.522664424576E+01
   568    1.520533435590E+01
   569    1.518349849535E+01
   570    1.516124331843E+01
   571    1.513943526785E+01
   572    1.511568385161E+01
   573    1.509238994328E+01
   574    1.506844019816E+01
   575    1.504367060625E+01
   576    1.501895836284E+01
   577    1.499373889892E+01
   578    1.496799225747E+01
   579    1.494232984826E+01
   580    1.491534713756E+01
   581    1.488887024364E+01
   582    1.486138848807E+01
   583    1.483417025164E+01
   584    1.480534837954E+01
   585    1.477748599535E+01
   586    1.474813806937E+01
   587    1.471953202581E+01
   588    1.468937634012E+01
   589    1.465894410958E+01
   590    1.462865500396E+01
   591    1.459755741190E+01
   592    1.456681940818E+01
   593    1.453409237705E+01
   594    1.450229123741E+01
   595    1.446966319198E+01
   596    1.443606366401E+01
   597    1.440290872921E+01
   598    1.432278076186E+01
   599    1.423809288751E+01
   600    1.414940496349E+01
   647    5.201732861654E-01
   648    1.489909719284E+00
   649    2.672016768814E+00
   650    3.872047245802E+00
   651    5.090608526721E+00
   652    6.324011712511E+00
   653    7.563062544350E+00
   654    8.812664812057E+00
   655    1.007368211052E+01
   656    1.133620080068E+01
   657    1.260577963323E+01
   658    1.388237665704E+01
   659    1.516287193153E+01
   660    1.541915955134E+01
   661    1.540071301912E+01
   662    1.538272160208E+01
   663    1.536339162031E+01
   664    1.534464061337E+01
   665    1.532549297456E+01
   666    1.530554464079E+01
   667    1.528557216605E+01
   668    1.526439113827E+01
   669    1.524341961748E+01
   670    1.522204850370E+01
   671    1.519956035778E+01
   672    1.517704647487E+01
   673    1.515499041283E+01
   674    1.513117287044E+01
   675    1.510790462920E+01
   676    1.508394876868E+01
   677    1.505867552198E+01
   678    1.503395109779E+01
   679    1.500861381028E+01
   680    1.498266787553E+01
   681    1.495674607172E+01
   682    1.492972752236E+01
   683    1.490281024270E+01
   684    1.487523078320E+01
   685    1.484818090161E+01
   686    1.481927542365E+01
   687    1.479026866382E+01
   688    1.476193030800E+01
   689    1.473204248624E+01
   690    1.470220088707E+01
   691    1.467177610995E+01
   692    1.464075617544E+01
   693    1.460956543020E+01
   694    1.457866899648E+01
   695    1.454607369435E+01
   696    1.451372538440E+01
   697    1.443325745274E+01
   698    1.435055957455E+01
   699    1.426397080763E+01
   700    1.417389048247E+01
   749    2.327964682590E-01
   750    8.979370041764E-01
   751    1.861263778106E+00
   752    3.051719934298E+00
   753    4.267869819018E+00
   754    5.497620923799E+00
   755    6.734388750947E+00
   756    7.978703843307E+00
   757    9.240584984686E+00
   758    1.050900392780E+01
   759    1.177915958203E+01
   760    1.305739073982E+01
   761    1.433755240633E+01
   762    1.543662549485E+01
   763    1.541869832106E+01
   764    1.539976040337E+01
   765    1.538092656663E+01
   766    1.536117988268E+01
   767    1.534237625700E+01
   768    1.532239080834E+01
   769    1.530146743124E+01
   770    1.528131944147E+01
   771    1.525969057946E+01
   772    1.523807932005E+01
   773    1.521549334173E+01
   774    1.519273974775E+01
   775    1.516964583193E+01
   776    1.514683376141E+01
   777    1.512254592822E+01
   778    1.509803965483E+01
   779    1.507369484062E+01
   780    1.504789330982E+01
   781    1.502303820423E+01
   782    1.499701232756E+01
   783    1.497064655544E+01
   784    1.494363247067E+01
   785    1.491636384236E+01
   786    1.488897559008E+01
   787    1.486097005057E+01
   788    1.483431917119E+01
   789    1.480354260278E+01
   790    1.477469629923E+01
   791    1.474409956387E+01
   792    1.471426666756E+01
   793    1.468396234789E+01
   794    1.465299718789E+01
   795    1.462059309173E+01
   796    1.454144974481E+01
   797    1.445945297031E+01
   798    1.437348119735E+01
   799    1.428528030612E+01
   800    1.419286119756E+01
   852    6.027598897867E-01
   853    1.271054892581E+00
   854    2.233462387805E+00
   855    3.440429228824E+00
   856    4.667844687358E+00
   857    5.903443799120E+00
   858    7.154786406911E+00
   859    8.410522954476E+00
   860    9.676026143102E+00
   861    1.094952598826E+01
   862    1.222666847885E+01
   863    1.351097047506E+01
   864    1.479824319649E+01
   865    1.543505152687E+01
   866    1.541687160025E+01
   867    1.539736300924E+01
   868    1.537792203625E+01
   869    1.535807374080E+01
   870    1.533777492134E+01
   871    1.531725186803E+01
   872    1.529602035868E+01
   873    1.527484525861E+01
   874    1.525330670314E+01
   875    1.523038901733E+01
   876    1.520757480052E+01
   877    1.518450756597E+01
   878    1.516088614063E+01
   879    1.513729447327E+01
   880    1.511308814367E+01
   881    1.508749155402E+01
   882    1.506197633149E+01
   883    1.503646356306E+01
   884    1.501041693691E+01
   885    1.498397829131E+01
   886    1.495595610720E+01
   887    1.492938141862E+01
   888    1.490223446738E+01
   889    1.487368952650E+01
   890    1.484496031784E+01
   891    1.481611190687E+01
   892    1.478625194128E+01
   893    1.475681459182E+01
   894    1.472391265547E+01
   895    1.464584269667E+01
   896    1.456475932359E+01
   897    1.448036150968E+01
   898    1.439309765967E+01
   899    1.430148900885E+01
   900    1.420784686100E+01
   954    3.239871810564E-01
   955    9.902122819524E-01
   956    1.651336803112E+00
   957    2.621757939414E+00
   958    3.838139798942E+00
   959    5.072375541203E+00
   960    6.313542798017E+00
   961    7.577360424127E+00
   962    8.842670265330E+00
   963    1.011398027337E+01
   964    1.139441120382E+01
   965    1.268016675006E+01
   966    1.396944924598E+01
   967    1.526390144952E+01
   968    1.543233750705E+01
   969    1.541354431176E+01
   970    1.539368904052E+01
   971    1.537462805935E+01
   972    1.535335386004E+01
   973    1.533215832045E+01
   974    1.531138956769E+01
   975    1.528992424665E+01
   976    1.526750346500E+01
   977    1.524529368950E+01
   978    1.522364170337E+01
   979    1.519845508128E+01
   980    1.517510733933E+01
   981    1.515109647493E+01
   982    1.512574454981E+01
   983    1.510124041787E+01
   984    1.507594338892E+01
   985    1.505043843448E+01
   986    1.502401061858E+01
   987    1.499653622831E+01
   988    1.496984041339E+01
   989    1.494200006883E+01
   990    1.491422107322E+01
   991    1.488553353374E+01
   992    1.485672918392E+01
   993    1.482343502066E+01
   994    1.474601863280E+01
   995    1.466658334739E+01
   996    1.458315840147E+01
   997    1.449676391694E+01
   998    1.440680765907E+01
   999    1.431407711192E+01
  1000    1.421726566572E+01
  1056    3.922746144110E-02
  1057    7.065354255439E-01
  1058    1.371724764888E+00
  1059    2.030984362005E+00
  1060    3.016436118146E+00
  1061    4.235081682607E+00
  1062    5.481955499925E+00
  1063    6.738488265926E+00
  1064    8.004743478288E+00
  1065    9.278177576351E+00
  1066    1.055824214809E+01
  1067    1.184858123717E+01
  1068    1.313703754593E+01
  1069    1.443430549903E+01
  1070    1.544802749118E+01
  1071    1.542887679870E+01
  1072    1.540955880774E+01
  1073    1.538927983790E+01
  1074    1.536847821105E+01
  1075    1.534763004814E+01
  1076    1.532605843375E+01
  1077    1.530394521405E+01
  1078    1.528202854682E+01
  1079    1.525939366869E+01
  1080    1.523671383787E+01
  1081    1.521243315407E+01
  1082    1.518871911758E+01
  1083    1.516446699753E+01
  1084    1.513948415389E+01
  1085    1.511356139136E+01
  1086    1.508834750517E+01
  1087    1.506397629474E+01
  1088    1.503713828767E+01
  1089    1.500917939206E+01
  1090    1.498185392364E+01
  1091    1.495393627145E+01
  1092    1.491895687629E+01
  1093    1.484333745670E+01
  1094    1.476432193130E+01
  1095    1.468249163563E+01
  1096    1.459723309386E+01
  1097    1.450850065427E+01
  1098    1.441716157152E+01
  1099    1.432088509649E+01
  1100    1.422259214916E+01
  1159    4.285670840590E-01
  1160    1.094039629677E+00
  1161    1.752850712285E+00
  1162    2.406739489202E+00
  1163    3.407551333413E+00
  1164    4.648244417200E+00
  1165    5.901329315332E+00
  1166    7.167484262486E+00
  1167    8.439327865385E+00
  1168    9.719709365928E+00
  1169    1.100596652330E+01
  1170    1.230218354691E+01
  1171    1.360275350900E+01
  1172    1.490121758989E+01
  1173    1.544392856502E+01
  1174    1.542419876536E+01
  1175    1.540368821862E+01
  1176    1.538260733195E+01
  1177    1.536172974837E+01
  1178    1.533990657720E+01
  1179    1.531833413787E+01
  1180    1.529577536207E+01
  1181    1.527278383649E+01
  1182    1.524967006202E+01
  1183    1.522603792620E+01
  1184    1.520181030904E+01
  1185    1.517695095623E+01
  1186    1.515249155784E+01
  1187    1.512745915590E+01
  1188    1.510149822500E+01
  1189    1.507502959705E+01
  1190    1.504810487908E+01
  1191    1.501049253969E+01
  1192    1.493627702039E+01
  1193    1.485864214492E+01
  1194    1.477800248442E+01
  1195    1.469408854049E+01
  1196    1.460691079108E+01
  1197    1.451587071666E+01
  1198    1.442183270610E+01
  1199    1.432392701875E+01
  1200    1.422310680886E+01
  1261    1.424331971779E-01
  1262    8.118682504691E-01
  1263    1.476104422750E+00
  1264    2.135302567325E+00
  1265    2.787674354114E+00
  1266    3.816463937500E+00
  1267    5.062450372654E+00
  1268    6.325221539782E+00
  1269    7.596825168790E+00
  1270    8.876369703863E+00
  1271    1.016844432085E+01
  1272    1.145981692488E+01
  1273    1.276275740972E+01
  1274    1.406905428919E+01
  1275    1.537380132854E+01
  1276    1.543837845020E+01
  1277    1.541692150899E+01
  1278    1.539714714021E+01
  1279    1.537510672039E+01
  1280    1.535403427291E+01
  1281    1.533176540164E+01
  1282    1.530933432361E+01
  1283    1.528631728349E+01
  1284    1.526261202167E+01
  1285    1.523949195073E+01
  1286    1.521458919917E+01
  1287    1.518967785729E+01
  1288    1.516373136940E+01
  1289    1.513883693971E+01
  1290    1.509952138389E+01
  1291    1.502593309704E+01
  1292    1.494910830756E+01
  1293    1.486985293819E+01
  1294    1.478719611512E+01
  1295    1.470067874951E+01
  1296    1.461134391362E+01
  1297    1.451866119120E+01
  1298    1.442160918744E+01
  1299    1.432213132517E+01
  1300    1.421904653077E+01
  1364    5.361654800474E-01
  1365    1.199782133686E+00
  1366    1.859629128975E+00
  1367    2.515113654719E+00
  1368    3.161832753363E+00
  1369    4.223477568767E+00
  1370    5.484071784979E+00
  1371    6.755410404535E+00
  1372    8.035775892032E+00
  1373    9.325658638344E+00
  1374    1.062005497030E+01
  1375    1.192442156806E+01
  1376    1.322766532663E+01
  1377    1.454128250758E+01
  1378    1.545173319687E+01
  1379    1.543190779453E+01
  1380    1.541041986533E+01
  1381    1.538865660700E+01
  1382    1.536710791785E+01
  1383    1.534448043252E+01
  1384    1.532207281424E+01
  1385    1.529867616528E+01
  1386    1.527478915856E+01
  1387    1.525107453285E+01
  1388    1.522632650069E+01
  1389    1.518418801187E+01
  1390    1.511174822365E+01
  1391    1.503637028501E+01
  1392    1.495801639335E+01
  1393    1.487640653526E+01
  1394    1.479138883685E+01
  1395    1.470372518281E+01
  1396    1.461122972934E+01
  1397    1.451611271854E+01
  1398    1.441747378505E+01
  1399    1.431578156579E+01
  1400    1.421012060787E+01
  1466    2.490658293866E-01
  1467    9.234796640040E-01
  1468    1.587577959429E+00
  1469    2.248646319364E+00
  1470    2.891896633344E+00
  1471    3.540692828173E+00
  1472    4.643180057088E+00
  1473    5.912525754677E+00
  1474    7.192522499816E+00
  1475    8.479714592232E+00
  1476    9.776182699673E+00
  1477    1.107966658786E+01
  1478    1.238867108352E+01
  1479    1.370197909757E+01
  1480    1.501931388194E+01
  1481    1.544535197148E+01
  1482    1.542310335718E+01
  1483    1.540162161932E+01
  1484    1.537965571333E+01
  1485    1.535696003035E+01
  1486    1.533457316572E+01
  1487    1.531079699454E+01
  1488    1.526471855863E+01
  1489    1.519433577837E+01
  1490    1.511993967869E+01
  1491    1.504274693685E+01
  1492    1.496261355841E+01
  1493    1.487827075878E+01
  1494    1.479103170247E+01
  1495    1.470088289763E+01
  1496    1.460693769589E+01
  1497    1.450902316385E+01
  1498    1.440824677493E+01
  1499    1.430412159989E+01
  1500    1.419684984899E+01
  1569    6.484078752763E-01
  1570    1.314229563636E+00
  1571    1.976819969269E+00
  1572    2.627099769358E+00
  1573    3.277000503492E+00
  1574    3.915819659276E+00
  1575    5.066337047716E+00
  1576    6.347533542015E+00
  1577    7.636751926572E+00
  1578    8.930311883312E+00
  1579    1.023181242947E+01
  1580    1.154733998200E+01
  1581    1.285903209476E+01
  1582    1.417848435817E+01
  1583    1.545708428447E+01
  1584    1.543562238490E+01
  1585    1.541524755242E+01
  1586    1.539146306276E+01
  1587    1.534227624892E+01
  1588    1.527266910481E+01
  1589    1.519967452726E+01
  1590    1.512317653257E+01
  1591    1.504429799205E+01
  1592    1.496189080474E+01
  1593    1.487555992654E+01
  1594    1.478587431962E+01
  1595    1.469358744284E+01
  1596    1.459701116915E+01
  1597    1.449826790718E+01
  1598    1.439455160717E+01
  1599    1.428860511172E+01
  1600    1.417950467941E+01
  1671    3.715253777225E-01
  1672    1.041224000859E+00
  1673    1.705623635143E+00
  1674    2.362159263069E+00
  1675    3.012091246440E+00
  1676    3.655760434298E+00
  1677    4.289053080477E+00
  1678    5.492492015330E+00
  1679    6.782779455351E+00
  1680    8.086042443349E+00
  1681    9.387383952780E+00
  1682    1.069805978633E+01
  1683    1.201457582617E+01
  1684    1.333546286416E+01
  1685    1.466015162785E+01
  1686    1.541642468750E+01
  1687    1.534726966476E+01
  1688    1.527569920234E+01
  1689    1.520085663814E+01
  1690    1.512259965487E+01
  1691    1.504153813323E+01
  1692    1.495653314307E+01
  1693    1.486866537546E+01
  1694    1.477627434118E+01
  1695    1.468163432499E+01
  1696    1.458329282971E+01
  1697    1.448136919716E+01
  1698    1.437647426828E+01
  1699    1.426826900244E+01
  1700    1.415765340216E+01
  1773    9.503529487338E-02
  1774    7.688384543755E-01
  1775    1.434352622538E+00
  1776    2.098239255608E+00
  1777    2.745836862144E+00
  1778    3.393058349675E+00
  1779    4.035285036354E+00
  1780    4.661245626488E+00
  1781    5.932715474589E+00
  1782    7.233598196658E+00
  1783    8.533796177975E+00
  1784    9.847182448156E+00
  1785    1.115221583202E+01
  1786    1.245651562418E+01
  1787    1.378572410121E+01
  1788    1.514806557865E+01
  1789    1.519758590293E+01
  1790    1.511737375549E+01
  1791    1.503401135635E+01
  1792    1.494679227364E+01
  1793    1.485616712434E+01
  1794    1.476248017228E+01
  1795    1.466505075732E+01
  1796    1.456437326860E+01
  1797    1.445980066051E+01
  1798    1.435368347660E+01
  1799    1.424345264447E+01
  1800    1.413172285113E+01
  1876    4.556177001884E-01
  1877    1.141412339221E+00
  1878    1.807170504787E+00
  1879    2.465513442833E+00
  1880    3.112208276260E+00
  1881    3.751691889297E+00
  1882    4.369358645490E+00
  1883    5.042155664499E+00
  1884    6.315743163468E+00
  1885    7.598645549143E+00
  1886    8.904160993053E+00
  1887    1.022970899838E+01
  1888    1.157335396272E+01
  1889    1.295904076268E+01
  1890    1.438702082078E+01
  1891    1.502135582405E+01
  1892    1.493218209315E+01
  1893    1.483931352913E+01
  1894    1.474317146050E+01
  1895    1.464397029771E+01
  1896    1.454102877819E+01
  1897    1.443550617096E+01
  1898    1.432658835670E+01
  1899    1.421535589126E+01
  1900    1.410172160216E+01
  1979    6.247283159131E-01
  1980    1.299791280235E+00
  1981    1.959733894397E+00
  1982    2.604566203098E+00
  1983    3.240098804956E+00
  1984    3.870636779482E+00
  1985    4.471929811256E+00
  1986    5.310202841374E+00
  1987    6.632367678949E+00
  1988    7.974062768980E+00
  1989    9.342303531462E+00
  1990    1.074993209055E+01
  1991    1.219977937792E+01
  1992    1.371008143256E+01
  1993    1.481754120195E+01
  1994    1.471963231032E+01
  1995    1.461852198640E+01
  1996    1.451375610766E+01
  1997    1.440616523226E+01
  1998    1.429596399051E+01
  1999    1.418288210059E+01
  2000    1.406786598022E+01
  2081    1.291048652651E-01
  2082    7.961392763237E-01
  2083    1.459338370851E+00
  2084    2.101591196189E+00
  2085    2.736558883340E+00
  2086    3.358631847277E+00
  2087    3.969862793901E+00
  2088    4.565981027982E+00
  2089    5.696816628186E+00
  2090    7.094747275324E+00
  2091    8.518210855584E+00
  2092    9.990937397192E+00
  2093    1.152756706486E+01
  2094    1.313319966829E+01
  2095    1.458835155365E+01
  2096    1.448199362069E+01
  2097    1.437265744391E+01
  2098    1.426105836423E+01
  2099    1.414717208661E+01
  2100    1.403064717248E+01
  2184    2.993658548793E-01
  2185    9.571422784057E-01
  2186    1.607520952620E+00
  2187    2.239569650736E+00
  2188    2.859430626898E+00
  2189    3.464546543829E+00
  2190    4.054907237746E+00
  2191    4.801625489730E+00
  2192    6.253578355084E+00
  2193    7.751176428046E+00
  2194    9.313125393686E+00
  2195    1.095191445175E+01
  2196    1.267131768790E+01
  2197    1.433531882175E+01
  2198    1.422222619010E+01
  2199    1.410727079162E+01
  2200    1.399011954503E+01
  2287    4.639637611956E-01
  2288    1.112872871932E+00
  2289    1.748413058835E+00
  2290    2.363864183695E+00
  2291    2.971342321750E+00
  2292    3.556708807298E+00
  2293    4.124821744653E+00
  2294    5.477242120470E+00
  2295    7.062978725707E+00
  2296    8.727406236672E+00
  2297    1.048072027816E+01
  2298    1.233480456752E+01
  2299    1.406387583308E+01
  2300    1.394614608410E+01
  2390    6.284321883440E-01
  2391    1.257967758315E+00
  2392    1.874149574797E+00
  2393    2.471479999946E+00
  2394    3.054445966022E+00
  2395    3.620567332279E+00
  2396    4.773115194731E+00
  2397    6.458329243403E+00
  2398    8.248310027088E+00
  2399    1.013941229225E+01
  2400    1.213966606627E+01
  2492    1.476955652247E-01
  2493    7.719588083899E-01
  2494    1.386362775393E+00
  2495    1.982104581134E+00
  2496    2.559262027728E+00
  2497    3.119123771052E+00
  2498    4.150283031568E+00
  2499    5.962851161485E+00
  2500    7.893215947367E+00
  2595    2.996255842037E-01
  2596    9.058740708145E-01
  2597    1.496560212062E+00
  2598    2.068243558324E+00
  2599    2.620330257966E+00
  2600    3.630387470146E+00
  2698    4.330908561027E-01
  2699    1.017933813439E+00
  2700    1.580253898124E+00
