    30    4.283181818006E-01
    31    4.333008139304E-01
    32    4.384840718937E-01
    33    4.437113749198E-01
    34    4.490680431181E-01
    35    4.527688707288E-01
    36    4.567634376718E-01
    37    4.624682146887E-01
    38    4.681928665002E-01
    39    4.739460293635E-01
    40    4.798037695261E-01
    41    4.855132780425E-01
    42    4.913736081256E-01
    43    4.972198347020E-01
    44    4.992567454670E-01
    45    4.995546001629E-01
    46    4.998765463173E-01
    47    5.001694857675E-01
    48    5.004706310034E-01
    49    5.007637642260E-01
    50    5.011059559103E-01
    51    5.013541483522E-01
    52    5.016563380178E-01
    53    5.019589774928E-01
    54    5.022113972752E-01
    55    5.025621081997E-01
    56    5.028120224656E-01
    57    5.031134254490E-01
    58    5.034061959722E-01
    59    5.037114073474E-01
    60    5.039680718978E-01
    61    5.042485923962E-01
    62    5.045362596283E-01
    63    5.047491921690E-01
    64    5.050989068985E-01
    65    5.053644633907E-01
    66    5.056559704583E-01
    67    5.059223669743E-01
    68    5.061996166633E-01
    69    5.064644538432E-01
    70    5.067479091036E-01
    71    5.070917271703E-01
    72    5.072780143624E-01
    73    5.075343704134E-01
    74    5.077932302689E-01
    75    5.080765772693E-01
    76    5.083243310951E-01
    77    5.085567148852E-01
    78    5.088452431075E-01
    79    5.091201237349E-01
    80    5.093484353675E-01
    81    5.095803347685E-01
    82    5.098495775708E-01
    83    5.100929779256E-01
    84    5.103538921142E-01
    85    5.105929097263E-01
    86    5.108191335004E-01
    87    5.110654763393E-01
    88    5.113054793466E-01
   133    4.297857077870E-01
   134    4.344247229547E-01
   135    4.371897330444E-01
   136    4.425965599577E-01
   137    4.481132087770E-01
   138    4.536511016376E-01
   139    4.593150440836E-01
   140    4.650238386425E-01
   141    4.707854233838E-01
   142    4.765251166796E-01
   143    4.823436601903E-01
   144    4.881579580474E-01
   145    4.939829137699E-01
   146    4.996057569447E-01
   147    4.998975698417E-01
   148    5.001985609308E-01
   149    5.005133384558E-01
   150    5.008165115585E-01
   151    5.010713767830E-01
   152    5.014063850422E-01
   153    5.017149922038E-01
   154    5.019776108497E-01
   155    5.022817543937E-01
   156    5.025453255321E-01
   157    5.028559015740E-01
   158    5.031882663576E-01
   159    5.034587841956E-01
   160    5.037253317860E-01
   161    5.040171740599E-01
   162    5.042969898503E-01
   163    5.046018067372E-01
   164    5.048616423707E-01
   165    5.051513424045E-01
   166    5.054331629024E-01
   167    5.057440602496E-01
   168    5.059518604708E-01
   169    5.062336223912E-01
   170    5.065143378288E-01
   171    5.067791586186E-01
   172    5.070492743235E-01
   173    5.073118287147E-01
   174    5.075943616177E-01
   175    5.078288841529E-01
   176    5.081000321783E-01
   177    5.083973426499E-01
   178    5.085748747814E-01
   179    5.088863424414E-01
   180    5.091316058546E-01
   181    5.093638728224E-01
   182    5.096196246393E-01
   183    5.098840026091E-01
   184    5.101205196804E-01
   185    5.103824864224E-01
   186    5.106376949408E-01
   187    5.109188510004E-01
   188    5.110998498190E-01
   189    5.113399040303E-01
   190    5.115685057907E-01
   236    4.290462085748E-01
   237    4.343500187471E-01
   238    4.396711843389E-01
   239    4.451079865521E-01
   240    4.506312180107E-01
   241    4.562506835260E-01
   242    4.618853007765E-01
   243    4.676201794324E-01
   244    4.733328442082E-01
   245    4.791325313045E-01
   246    4.849286955281E-01
   247    4.907316761899E-01
   248    4.965714833391E-01
   249    5.002705526181E-01
   250    5.005803633055E-01
   251    5.008891582069E-01
   252    5.011465157896E-01
   253    5.014565029971E-01
   254    5.017602830206E-01
   255    5.020319169494E-01
   256    5.023630871941E-01
   257    5.026175785991E-01
   258    5.029186593578E-01
   259    5.032047764779E-01
   260    5.035014688794E-01
   261    5.037690642664E-01
   262    5.040545099111E-01
   263    5.043527725985E-01
   264    5.046226919054E-01
   265    5.049104386274E-01
   266    5.051837867363E-01
   267    5.054695962909E-01
   268    5.057340473406E-01
   269    5.060099397416E-01
   270    5.062746377070E-01
   271    5.065661049382E-01
   272    5.068161874502E-01
   273    5.070808178281E-01
   274    5.073395401513E-01
   275    5.076055376837E-01
   276    5.078822228936E-01
   277    5.081407437271E-01
   278    5.083985635639E-01
   279    5.086495030553E-01
   280    5.088864551370E-01
   281    5.091527215932E-01
   282    5.094013306668E-01
   283    5.096699975456E-01
   284    5.099208193032E-01
   285    5.101708610026E-01
   286    5.103934938393E-01
   287    5.106424759217E-01
   288    5.109260447256E-01
   289    5.111433872000E-01
   290    5.113595859998E-01
   291    5.116728356235E-01
   292    5.118176272043E-01
   339    4.314593299669E-01
   340    4.367579119624E-01
   341    4.421379201009E-01
   342    4.476289253952E-01
   343    4.531599456547E-01
   344    4.587826310789E-01
   345    4.644682913525E-01
   346    4.701680578599E-01
   347    4.759213714395E-01
   348    4.816980255207E-01
   349    4.875046178921E-01
   350    4.933239812889E-01
   351    4.991250637065E-01
   352    5.008689352153E-01
   353    5.011976905134E-01
   354    5.014784996057E-01
   355    5.017958610591E-01
   356    5.021094038282E-01
   357    5.023796276063E-01
   358    5.026826963674E-01
   359    5.029767794597E-01
   360    5.032752333636E-01
   361    5.035365337099E-01
   362    5.038261038319E-01
   363    5.041222000137E-01
   364    5.043508861375E-01
   365    5.046574339162E-01
   366    5.049117778329E-01
   367    5.052180739097E-01
   368    5.054974222438E-01
   369    5.057919435778E-01
   370    5.060481125248E-01
   371    5.063435395109E-01
   372    5.065839998020E-01
   373    5.068434394305E-01
   374    5.071300145494E-01
   375    5.073712826481E-01
   376    5.076577894185E-01
   377    5.079078144999E-01
   378    5.081800056129E-01
   379    5.084560217745E-01
   380    5.087200498637E-01
   381    5.089434469994E-01
   382    5.091984244318E-01
   383    5.094530997725E-01
   384    5.096808888868E-01
   385    5.099544565828E-01
   386    5.102104532534E-01
   387    5.104428731747E-01
   388    5.106980351171E-01
   389    5.109081709183E-01
   390    5.111560461976E-01
   391    5.113851979275E-01
   392    5.116564211309E-01
   393    5.118593165607E-01
   394    5.120486929776E-01
   442    4.338785043553E-01
   443    4.392208706545E-01
   444    4.446228256480E-01
   445    4.501314592527E-01
   446    4.556673230490E-01
   447    4.613300381050E-01
   448    4.670131851010E-01
   449    4.727366890517E-01
   450    4.785008962430E-01
   451    4.842645194359E-01
   452    4.900972725168E-01
   453    4.959164058988E-01
   454    5.012390487892E-01
   455    5.015475290692E-01
   456    5.018330979522E-01
   457    5.021303293097E-01
   458    5.024034028268E-01
   459    5.027213376386E-01
   460    5.030239926854E-01
   461    5.032824936917E-01
   462    5.035847909569E-01
   463    5.038316752545E-01
   464    5.041538307084E-01
   465    5.043910308911E-01
   466    5.046992905424E-01
   467    5.049554198066E-01
   468    5.052685349856E-01
   469    5.055351264615E-01
   470    5.058132942469E-01
   471    5.060706302980E-01
   472    5.063845234201E-01
   473    5.066209641980E-01
   474    5.068770233446E-01
   475    5.071602312197E-01
   476    5.074051889500E-01
   477    5.076935334446E-01
   478    5.079308527968E-01
   479    5.082388381741E-01
   480    5.084794269127E-01
   481    5.087381366865E-01
   482    5.089770995100E-01
   483    5.092379602280E-01
   484    5.095201224561E-01
   485    5.097526943683E-01
   486    5.099895081700E-01
   487    5.102680462977E-01
   488    5.105038726941E-01
   489    5.107116298862E-01
   490    5.109221082424E-01
   491    5.111897522002E-01
   492    5.114136294270E-01
   493    5.116418712454E-01
   494    5.118905597607E-01
   495    5.121197639512E-01
   496    5.123540021938E-01
   497    5.125357940232E-01
   544    4.316724815032E-01
   545    4.363368244590E-01
   546    4.416214768852E-01
   547    4.471485895194E-01
   548    4.526421508766E-01
   549    4.582344839355E-01
   550    4.638946854007E-01
   551    4.695733949267E-01
   552    4.753115070521E-01
   553    4.810854364921E-01
   554    4.868902445344E-01
   555    4.926899554990E-01
   556    4.984565528681E-01
   557    5.018736227548E-01
   558    5.021871778363E-01
   559    5.024523719082E-01
   560    5.027790816824E-01
   561    5.030276840148E-01
   562    5.033459020115E-01
   563    5.036282893481E-01
   564    5.039087522648E-01
   565    5.041939549488E-01
   566    5.044884543054E-01
   567    5.047265404487E-01
   568    5.050440482592E-01
   569    5.053071088614E-01
   570    5.055865508848E-01
   571    5.058217236324E-01
   572    5.061339100410E-01
   573    5.063809075936E-01
   574    5.066859928443E-01
   575    5.069433663842E-01
   576    5.072012714512E-01
   577    5.074706185275E-01
   578    5.077192913652E-01
   579    5.079498469516E-01
   580    5.082568377210E-01
   581    5.085153141859E-01
   582    5.087698240423E-01
   583    5.090652294900E-01
   584    5.092633037943E-01
   585    5.095319656962E-01
   586    5.097536328084E-01
   587    5.100135621459E-01
   588    5.102603490801E-01
   589    5.105113485891E-01
   590    5.107925832389E-01
   591    5.109750520793E-01
   592    5.112297885031E-01
   593    5.114338001574E-01
   594    5.116983434500E-01
   595    5.119457150284E-01
   596    5.121437557232E-01
   597    5.123816949442E-01
   598    5.117639072477E-01
   599    5.110224658090E-01
   600    5.101930365074E-01
   647    4.342096756466E-01
   648    4.387745955475E-01
   649    4.441770002348E-01
   650    4.496326518999E-01
   651    4.551988731545E-01
   652    4.607853558876E-01
   653    4.664468813544E-01
   654    4.721611794044E-01
   655    4.779103239054E-01
   656    4.836733247494E-01
   657    4.894675266971E-01
   658    4.952779271320E-01
   659    5.010626336000E-01
   660    5.025194154978E-01
   661    5.028316654337E-01
   662    5.030888676885E-01
   663    5.033507393607E-01
   664    5.036717968926E-01
   665    5.039555373437E-01
   666    5.042240741759E-01
   667    5.045031331058E-01
   668    5.048048161871E-01
   669    5.050515960201E-01
   670    5.053708527394E-01
   671    5.056200894926E-01
   672    5.058893684560E-01
   673    5.061748673338E-01
   674    5.064179145042E-01
   675    5.067027352317E-01
   676    5.069781415518E-01
   677    5.072390690594E-01
   678    5.074826390815E-01
   679    5.077631521055E-01
   680    5.080342251845E-01
   681    5.082838597102E-01
   682    5.085135730023E-01
   683    5.087829213638E-01
   684    5.090384724511E-01
   685    5.092899684462E-01
   686    5.095298853114E-01
   687    5.097808387230E-01
   688    5.100654317004E-01
   689    5.102782765396E-01
   690    5.105360805713E-01
   691    5.107740419496E-01
   692    5.110165848266E-01
   693    5.113224804029E-01
   694    5.115010297734E-01
   695    5.117340181603E-01
   696    5.119676324638E-01
   697    5.113532280869E-01
   698    5.106126122278E-01
   699    5.097964809187E-01
   700    5.088978714697E-01
   749    4.332129583120E-01
   750    4.367424750922E-01
   751    4.412450599425E-01
   752    4.466748910694E-01
   753    4.521579992662E-01
   754    4.577380348283E-01
   755    4.632918435818E-01
   756    4.690214073621E-01
   757    4.747079460175E-01
   758    4.805069345195E-01
   759    4.862500364850E-01
   760    4.920590166255E-01
   761    4.978429238385E-01
   762    5.028595955293E-01
   763    5.031418220674E-01
   764    5.034164912393E-01
   765    5.037102046706E-01
   766    5.039888061146E-01
   767    5.042606748056E-01
   768    5.045972080462E-01
   769    5.048182013191E-01
   770    5.051106661536E-01
   771    5.053803246121E-01
   772    5.056157342895E-01
   773    5.059538122370E-01
   774    5.061973650254E-01
   775    5.064784422881E-01
   776    5.067327739145E-01
   777    5.070055490827E-01
   778    5.072666729930E-01
   779    5.075359806017E-01
   780    5.077938175898E-01
   781    5.080571031214E-01
   782    5.083056070438E-01
   783    5.085657277138E-01
   784    5.088347546068E-01
   785    5.091107711771E-01
   786    5.093284744872E-01
   787    5.095917887795E-01
   788    5.098132989125E-01
   789    5.100757354800E-01
   790    5.102820733913E-01
   791    5.105615474641E-01
   792    5.108177199376E-01
   793    5.110478828577E-01
   794    5.112813778206E-01
   795    5.114908823848E-01
   796    5.108954497027E-01
   797    5.102004824098E-01
   798    5.094108969734E-01
   799    5.084963325094E-01
   800    5.075122205563E-01
   852    4.357331354549E-01
   853    4.391440890462E-01
   854    4.437065828056E-01
   855    4.491623137584E-01
   856    4.546346515923E-01
   857    4.602598533969E-01
   858    4.658822498254E-01
   859    4.716380610422E-01
   860    4.773271976817E-01
   861    4.830780758082E-01
   862    4.888617706526E-01
   863    4.946282829374E-01
   864    5.004250202253E-01
   865    5.034518033132E-01
   866    5.037503202574E-01
   867    5.040051007400E-01
   868    5.043325284548E-01
   869    5.045993854223E-01
   870    5.048719496293E-01
   871    5.051603233887E-01
   872    5.054364592284E-01
   873    5.057759243048E-01
   874    5.060329827189E-01
   875    5.062630361826E-01
   876    5.065139611568E-01
   877    5.067842386927E-01
   878    5.070462182823E-01
   879    5.073049277905E-01
   880    5.075273726889E-01
   881    5.078549734969E-01
   882    5.080919868340E-01
   883    5.083770707734E-01
   884    5.086226917333E-01
   885    5.088942869613E-01
   886    5.091634195218E-01
   887    5.093786006150E-01
   888    5.096101593938E-01
   889    5.098705588294E-01
   890    5.101079838792E-01
   891    5.103504086764E-01
   892    5.105970865732E-01
   893    5.108544906236E-01
   894    5.110364485297E-01
   895    5.104389776758E-01
   896    5.097420432595E-01
   897    5.089689765078E-01
   898    5.080824033548E-01
   899    5.071191896373E-01
   900    5.060300647951E-01
   954    4.347801910479E-01
   955    4.382502225463E-01
   956    4.416554051186E-01
   957    4.461833577438E-01
   958    4.516856136474E-01
   959    4.572153947807E-01
   960    4.628114504883E-01
   961    4.684826971722E-01
   962    4.741689522558E-01
   963    4.798925717381E-01
   964    4.856475909975E-01
   965    4.914492770735E-01
   966    4.972267417837E-01
   967    5.029987031660E-01
   968    5.040868631645E-01
   969    5.043707392849E-01
   970    5.046335429579E-01
   971    5.049233677929E-01
   972    5.051737852531E-01
   973    5.054688974199E-01
   974    5.057391068521E-01
   975    5.060206949697E-01
   976    5.062837667617E-01
   977    5.065512744606E-01
   978    5.068066023468E-01
   979    5.070930568349E-01
   980    5.073589570975E-01
   981    5.076039702935E-01
   982    5.078798543954E-01
   983    5.081384327037E-01
   984    5.083930972003E-01
   985    5.086316386370E-01
   986    5.089146768291E-01
   987    5.091463284791E-01
   988    5.094077976190E-01
   989    5.096644390232E-01
   990    5.098818814872E-01
   991    5.101412926148E-01
   992    5.103882768225E-01
   993    5.105562205178E-01
   994    5.099763174353E-01
   995    5.092817474600E-01
   996    5.085153353157E-01
   997    5.076658439282E-01
   998    5.067030267389E-01
   999    5.056489572282E-01
  1000    5.044848839658E-01
  1056    4.338993600693E-01
  1057    4.373316367013E-01
  1058    4.407060436838E-01
  1059    4.441307681851E-01
  1060    4.487194961371E-01
  1061    4.541197376878E-01
  1062    4.597398575562E-01
  1063    4.653780355970E-01
  1064    4.710370995225E-01
  1065    4.767655193975E-01
  1066    4.824932614493E-01
  1067    4.882659781844E-01
  1068    4.940247744163E-01
  1069    4.997910621362E-01
  1070    5.044222707098E-01
  1071    5.046835809469E-01
  1072    5.049506869607E-01
  1073    5.052144179428E-01
  1074    5.055222187605E-01
  1075    5.057652331420E-01
  1076    5.060482058997E-01
  1077    5.063153745900E-01
  1078    5.065879618369E-01
  1079    5.068456967955E-01
  1080    5.071090446597E-01
  1081    5.074048970984E-01
  1082    5.076749521878E-01
  1083    5.079015929952E-01
  1084    5.082007054677E-01
  1085    5.084304229542E-01
  1086    5.086993643438E-01
  1087    5.089215817391E-01
  1088    5.091440636366E-01
  1089    5.094423009190E-01
  1090    5.096844788001E-01
  1091    5.099129693813E-01
  1092    5.100460197188E-01
  1093    5.094708205956E-01
  1094    5.088016701769E-01
  1095    5.080449991328E-01
  1096    5.072146684654E-01
  1097    5.062594739554E-01
  1098    5.052418581342E-01
  1099    5.040937829774E-01
  1100    5.028325521805E-01
  1159    4.363497992005E-01
  1160    4.397897115549E-01
  1161    4.431994566380E-01
  1162    4.465730735511E-01
  1163    4.511872086274E-01
  1164    4.567293073964E-01
  1165    4.623424129316E-01
  1166    4.679677782009E-01
  1167    4.736267084603E-01
  1168    4.793281927182E-01
  1169    4.850666675053E-01
  1170    4.908491030693E-01
  1171    4.966112941774E-01
  1172    5.023971321314E-01
  1173    5.050032537895E-01
  1174    5.052815641184E-01
  1175    5.055457762667E-01
  1176    5.058044596684E-01
  1177    5.061100604604E-01
  1178    5.063710051046E-01
  1179    5.066213238798E-01
  1180    5.068996467856E-01
  1181    5.071679015206E-01
  1182    5.074211849185E-01
  1183    5.077220685145E-01
  1184    5.079334984754E-01
  1185    5.082054267735E-01
  1186    5.084677833172E-01
  1187    5.087060427251E-01
  1188    5.089797117201E-01
  1189    5.092741241864E-01
  1190    5.094739161442E-01
  1191    5.095536301389E-01
  1192    5.089912913922E-01
  1193    5.083119678166E-01
  1194    5.075751720238E-01
  1195    5.067425799978E-01
  1196    5.058108083071E-01
  1197    5.048051016688E-01
  1198    5.036709096910E-01
  1199    5.024393240743E-01
  1200    5.010984621106E-01
  1261    4.354946548516E-01
  1262    4.388836139807E-01
  1263    4.422712813439E-01
  1264    4.456372191149E-01
  1265    4.489625473438E-01
  1266    4.537118375155E-01
  1267    4.592221952547E-01
  1268    4.648491550807E-01
  1269    4.704915828436E-01
  1270    4.762140298655E-01
  1271    4.819281782224E-01
  1272    4.876783668507E-01
  1273    4.934383905344E-01
  1274    4.992117652692E-01
  1275    5.049825100181E-01
  1276    5.055697513996E-01
  1277    5.058558462585E-01
  1278    5.061418841576E-01
  1279    5.064125682124E-01
  1280    5.066755476018E-01
  1281    5.069530297089E-01
  1282    5.071863817953E-01
  1283    5.074674867652E-01
  1284    5.077073564427E-01
  1285    5.079756988467E-01
  1286    5.082686793352E-01
  1287    5.084943358206E-01
  1288    5.087239814141E-01
  1289    5.089996422267E-01
  1290    5.090041637474E-01
  1291    5.084594104112E-01
  1292    5.078140822010E-01
  1293    5.070824117917E-01
  1294    5.062616705622E-01
  1295    5.053551252979E-01
  1296    5.043395745216E-01
  1297    5.032327972391E-01
  1298    5.020185705284E-01
  1299    5.006859246062E-01
  1300    4.992731289226E-01
  1364    4.380060732124E-01
  1365    4.413500390767E-01
  1366    4.447416528576E-01
  1367    4.481182250687E-01
  1368    4.514384139704E-01
  1369    4.562636095545E-01
  1370    4.618129201864E-01
  1371    4.674231314695E-01
  1372    4.730752471310E-01
  1373    4.787920118169E-01
  1374    4.845167088006E-01
  1375    4.902737447256E-01
  1376    4.960382927800E-01
  1377    5.017959226869E-01
  1378    5.059130591188E-01
  1379    5.061597828330E-01
  1380    5.064505896979E-01
  1381    5.067037992097E-01
  1382    5.069775175083E-01
  1383    5.072423649179E-01
  1384    5.075122622195E-01
  1385    5.077785318934E-01
  1386    5.080341683346E-01
  1387    5.082746016595E-01
  1388    5.085459925564E-01
  1389    5.084772238772E-01
  1390    5.079361995289E-01
  1391    5.072951463180E-01
  1392    5.065792150053E-01
  1393    5.057785935935E-01
  1394    5.048660288849E-01
  1395    5.038876602524E-01
  1396    5.027857420163E-01
  1397    5.015793225863E-01
  1398    5.002950805899E-01
  1399    4.988563227352E-01
  1400    4.973655972200E-01
  1466    4.370878158394E-01
  1467    4.404765973510E-01
  1468    4.438092023044E-01
  1469    4.472133648232E-01
  1470    4.505298925499E-01
  1471    4.538156000537E-01
  1472    4.587758227384E-01
  1473    4.643802893193E-01
  1474    4.699819480134E-01
  1475    4.756467412737E-01
  1476    4.813647652434E-01
  1477    4.871020016669E-01
  1478    4.928551146740E-01
  1479    4.986146641943E-01
  1480    5.044025107108E-01
  1481    5.064985923838E-01
  1482    5.067423888318E-01
  1483    5.070300397568E-01
  1484    5.072860441366E-01
  1485    5.075754921304E-01
  1486    5.077903519889E-01
  1487    5.080837793656E-01
  1488    5.079956123537E-01
  1489    5.073921154893E-01
  1490    5.067731634525E-01
  1491    5.060656865678E-01
  1492    5.052579552758E-01
  1493    5.043680219131E-01
  1494    5.033922872422E-01
  1495    5.023016004609E-01
  1496    5.011159207921E-01
  1497    4.998523605638E-01
  1498    4.984480867387E-01
  1499    4.969371451876E-01
  1500    4.953497140372E-01
  1569    4.395723991483E-01
  1570    4.429480980030E-01
  1571    4.463122051517E-01
  1572    4.495731451960E-01
  1573    4.528881213277E-01
  1574    4.561840252789E-01
  1575    4.613249713931E-01
  1576    4.669216228805E-01
  1577    4.725637287949E-01
  1578    4.782500041556E-01
  1579    4.839381420641E-01
  1580    4.897317821234E-01
  1581    4.954586927546E-01
  1582    5.011993403445E-01
  1583    5.068007804480E-01
  1584    5.070381741613E-01
  1585    5.073614653572E-01
  1586    5.075603164903E-01
  1587    5.073915026025E-01
  1588    5.068512757769E-01
  1589    5.062445121176E-01
  1590    5.055336095338E-01
  1591    5.047317369777E-01
  1592    5.038636760886E-01
  1593    5.028971723925E-01
  1594    5.018122321114E-01
  1595    5.006384136425E-01
  1596    4.993678765422E-01
  1597    4.980059898872E-01
  1598    4.965217971267E-01
  1599    4.949344485014E-01
  1600    4.932511525911E-01
  1671    4.386772645970E-01
  1672    4.420237120149E-01
  1673    4.454243451306E-01
  1674    4.487166010792E-01
  1675    4.519923665279E-01
  1676    4.553218637737E-01
  1677    4.585606952736E-01
  1678    4.638452317460E-01
  1679    4.694816161574E-01
  1680    4.751439801613E-01
  1681    4.808467991572E-01
  1682    4.865623639985E-01
  1683    4.923030977907E-01
  1684    4.980516616919E-01
  1685    5.037997728042E-01
  1686    5.068592025780E-01
  1687    5.063076198053E-01
  1688    5.056907733209E-01
  1689    5.049887893548E-01
  1690    5.042178054491E-01
  1691    5.033369099685E-01
  1692    5.023759936217E-01
  1693    5.013108526958E-01
  1694    5.001442607320E-01
  1695    4.988959921578E-01
  1696    4.975654828395E-01
  1697    4.960730303327E-01
  1698    4.945201369481E-01
  1699    4.928484191999E-01
  1700    4.910822675770E-01
  1773    4.377623465940E-01
  1774    4.411385338472E-01
  1775    4.445053948620E-01
  1776    4.478770541432E-01
  1777    4.511875934841E-01
  1778    4.544908636650E-01
  1779    4.576832347347E-01
  1780    4.609145003901E-01
  1781    4.664335390935E-01
  1782    4.720330648285E-01
  1783    4.777341179837E-01
  1784    4.834134371544E-01
  1785    4.889246053680E-01
  1786    4.940835051889E-01
  1787    4.991040910170E-01
  1788    5.039550731331E-01
  1789    5.036647176594E-01
  1790    5.027940953501E-01
  1791    5.018396097625E-01
  1792    5.007911648030E-01
  1793    4.996458085645E-01
  1794    4.983904345712E-01
  1795    4.970491168290E-01
  1796    4.955919093591E-01
  1797    4.940797216836E-01
  1798    4.924153666688E-01
  1799    4.906435517230E-01
  1800    4.888094499965E-01
  1876    4.400717714797E-01
  1877    4.434935475687E-01
  1878    4.468584951285E-01
  1879    4.501983283513E-01
  1880    4.534251380842E-01
  1881    4.566027569174E-01
  1882    4.597676821540E-01
  1883    4.630639383513E-01
  1884    4.684226512606E-01
  1885    4.737206846474E-01
  1886    4.789577757629E-01
  1887    4.841092993436E-01
  1888    4.891372357849E-01
  1889    4.940338107590E-01
  1890    4.987236790604E-01
  1891    5.002481419007E-01
  1892    4.991191796652E-01
  1893    4.978883576783E-01
  1894    4.965506781900E-01
  1895    4.951106811809E-01
  1896    4.935625002945E-01
  1897    4.919604016786E-01
  1898    4.902378624504E-01
  1899    4.883922420555E-01
  1900    4.864855562902E-01
  1979    4.412162018818E-01
  1980    4.445140712492E-01
  1981    4.477492705031E-01
  1982    4.509572570387E-01
  1983    4.540972194891E-01
  1984    4.571360065660E-01
  1985    4.601243232308E-01
  1986    4.638393143621E-01
  1987    4.690797630915E-01
  1988    4.742131221183E-01
  1989    4.792487817271E-01
  1990    4.841460243232E-01
  1991    4.888514440672E-01
  1992    4.933434074077E-01
  1993    4.960381523382E-01
  1994    4.946189687111E-01
  1995    4.931127943683E-01
  1996    4.914659730006E-01
  1997    4.897611440823E-01
  1998    4.879631387670E-01
  1999    4.860621454920E-01
  2000    4.840778215732E-01
  2081    4.388350959512E-01
  2082    4.420538435103E-01
  2083    4.452332849537E-01
  2084    4.483242958935E-01
  2085    4.513200135492E-01
  2086    4.542922021628E-01
  2087    4.571582953169E-01
  2088    4.599667261935E-01
  2089    4.643456910939E-01
  2090    4.694157953489E-01
  2091    4.743115187870E-01
  2092    4.790194235157E-01
  2093    4.835498994051E-01
  2094    4.877768319089E-01
  2095    4.909942298757E-01
  2096    4.892747540236E-01
  2097    4.874981293617E-01
  2098    4.856195425744E-01
  2099    4.836512542352E-01
  2100    4.815851477722E-01
  2184    4.394361887502E-01
  2185    4.424824762307E-01
  2186    4.455056749385E-01
  2187    4.483753039397E-01
  2188    4.512227244866E-01
  2189    4.539363390330E-01
  2190    4.565820115240E-01
  2191    4.596049526776E-01
  2192    4.645266307127E-01
  2193    4.692673417595E-01
  2194    4.738091236831E-01
  2195    4.780789727379E-01
  2196    4.820044156838E-01
  2197    4.851440406177E-01
  2198    4.831829856654E-01
  2199    4.811634092553E-01
  2200    4.790532606388E-01
  2287    4.395623751641E-01
  2288    4.424495852278E-01
  2289    4.451760027071E-01
  2290    4.478715843653E-01
  2291    4.504050168734E-01
  2292    4.528913025451E-01
  2293    4.552679436253E-01
  2294    4.595804987642E-01
  2295    4.641363515457E-01
  2296    4.684403606585E-01
  2297    4.724129470482E-01
  2298    4.759956654079E-01
  2299    4.786135457652E-01
  2300    4.764459028488E-01
  2390    4.391155912142E-01
  2391    4.417057870569E-01
  2392    4.441892404952E-01
  2393    4.465911985295E-01
  2394    4.488684405956E-01
  2395    4.510519661537E-01
  2396    4.544993975484E-01
  2397    4.588300825912E-01
  2398    4.628953568934E-01
  2399    4.665546044057E-01
  2400    4.697579075907E-01
  2492    4.354821476078E-01
  2493    4.379107466504E-01
  2494    4.402432113911E-01
  2495    4.423859962181E-01
  2496    4.445054858626E-01
  2497    4.464823873384E-01
  2498    4.493516437471E-01
  2499    4.534199900686E-01
  2500    4.571496410054E-01
  2595    4.337736189616E-01
  2596    4.358913434124E-01
  2597    4.378642871004E-01
  2598    4.397579639573E-01
  2599    4.415559981961E-01
  2600    4.440476393267E-01
  2698    4.312209870981E-01
  2699    4.329973684776E-01
  2700    4.346679717866E-01
