    30    6.010518084264E-01
    31    6.003198672247E-01
    32    5.995744562288E-01
    33    5.988324313563E-01
    34    5.980866270485E-01
    35    5.973929790454E-01
    36    5.962165611170E-01
    37    5.946497823847E-01
    38    5.930610399783E-01
    39    5.914692280817E-01
    40    5.898703435447E-01
    41    5.882679403405E-01
    42    5.866729448463E-01
    43    5.850627410478E-01
    44    5.835402519073E-01
    45    5.820578658676E-01
    46    5.805656802116E-01
    47    5.790770086489E-01
    48    5.775773034160E-01
    49    5.760676739108E-01
    50    5.745549242225E-01
    51    5.730083566361E-01
    52    5.715116996162E-01
    53    5.699778956915E-01
    54    5.684237975127E-01
    55    5.669003162041E-01
    56    5.653421527520E-01
    57    5.637828697973E-01
    58    5.622358091794E-01
    59    5.606566131888E-01
    60    5.590739498653E-01
    61    5.574872525209E-01
    62    5.558883273815E-01
    63    5.543027760429E-01
    64    5.526932683757E-01
    65    5.510844723686E-01
    66    5.494558041979E-01
    67    5.478417323570E-01
    68    5.462118342123E-01
    69    5.445670512901E-01
    70    5.429289000376E-01
    71    5.412705200349E-01
    72    5.396138946503E-01
    73    5.379509854976E-01
    74    5.362811695198E-01
    75    5.346040713289E-01
    76    5.329185727132E-01
    77    5.312322329469E-01
    78    5.295203031373E-01
    79    5.278152619171E-01
    80    5.260985950066E-01
    81    5.243845273237E-01
    82    5.226540210580E-01
    83    5.209177017625E-01
    84    5.191616058074E-01
    85    5.174132531296E-01
    86    5.156560702051E-01
    87    5.138840465573E-01
    88    5.121090662349E-01
   133    6.035369511493E-01
   134    6.028207091453E-01
   135    6.019437118590E-01
   136    6.003758485516E-01
   137    5.987939985769E-01
   138    5.971908897921E-01
   139    5.956334774902E-01
   140    5.940438731130E-01
   141    5.924471171110E-01
   142    5.908505959501E-01
   143    5.892436299041E-01
   144    5.876365875414E-01
   145    5.860190219540E-01
   146    5.844075844873E-01
   147    5.829399464924E-01
   148    5.814349953422E-01
   149    5.799356973145E-01
   150    5.784210581269E-01
   151    5.769222205092E-01
   152    5.754146969509E-01
   153    5.738771434746E-01
   154    5.723471519057E-01
   155    5.708090311245E-01
   156    5.692598705870E-01
   157    5.677120545926E-01
   158    5.661542833179E-01
   159    5.645974956041E-01
   160    5.630199503229E-01
   161    5.614527816374E-01
   162    5.598703898451E-01
   163    5.582825433817E-01
   164    5.566833352518E-01
   165    5.550768360787E-01
   166    5.534702284258E-01
   167    5.518421867525E-01
   168    5.502314941148E-01
   169    5.486169480267E-01
   170    5.469645302534E-01
   171    5.453195050581E-01
   172    5.436701006452E-01
   173    5.420129791272E-01
   174    5.403486907577E-01
   175    5.386592886480E-01
   176    5.369994882521E-01
   177    5.352999924991E-01
   178    5.336189047886E-01
   179    5.319205174227E-01
   180    5.302514503624E-01
   181    5.284762458658E-01
   182    5.267781507545E-01
   183    5.250404105410E-01
   184    5.233058847364E-01
   185    5.215678930672E-01
   186    5.198219629698E-01
   187    5.180658871290E-01
   188    5.162882621630E-01
   189    5.145166950617E-01
   190    5.127175575967E-01
   236    6.044791720163E-01
   237    6.029124474641E-01
   238    6.013392718824E-01
   239    5.997669918806E-01
   240    5.981848918674E-01
   241    5.965926183927E-01
   242    5.950008214317E-01
   243    5.933921135641E-01
   244    5.918077037026E-01
   245    5.901835903999E-01
   246    5.885831088231E-01
   247    5.869692279309E-01
   248    5.853481588691E-01
   249    5.837712411298E-01
   250    5.822695980488E-01
   251    5.807743298121E-01
   252    5.792716576518E-01
   253    5.777481197627E-01
   254    5.762271767052E-01
   255    5.747027145263E-01
   256    5.731650020551E-01
   257    5.716352020665E-01
   258    5.700732536537E-01
   259    5.685094286106E-01
   260    5.669499204105E-01
   261    5.653875475642E-01
   262    5.638127263145E-01
   263    5.622314021024E-01
   264    5.606558216202E-01
   265    5.589976351316E-01
   266    5.574471420859E-01
   267    5.558409224654E-01
   268    5.542266995376E-01
   269    5.526036787680E-01
   270    5.509811526224E-01
   271    5.493362340367E-01
   272    5.476929920641E-01
   273    5.460488118675E-01
   274    5.443829794572E-01
   275    5.427336605667E-01
   276    5.410527018028E-01
   277    5.393846497846E-01
   278    5.376933855985E-01
   279    5.359947562512E-01
   280    5.343025484098E-01
   281    5.325986835007E-01
   282    5.308857788595E-01
   283    5.291639758792E-01
   284    5.274068780034E-01
   285    5.257006646447E-01
   286    5.239582000241E-01
   287    5.222000166063E-01
   288    5.204449622214E-01
   289    5.186900986412E-01
   290    5.169085454941E-01
   291    5.151048457630E-01
   292    5.132776772867E-01
   339    6.038700760379E-01
   340    6.022952250958E-01
   341    6.007177329224E-01
   342    5.991276026997E-01
   343    5.975377179577E-01
   344    5.959459631290E-01
   345    5.943418693654E-01
   346    5.927375070768E-01
   347    5.911126137296E-01
   348    5.895115868445E-01
   349    5.878863567037E-01
   350    5.862666286766E-01
   351    5.846395619750E-01
   352    5.831048012828E-01
   353    5.815962477420E-01
   354    5.800826925008E-01
   355    5.785612336530E-01
   356    5.770334949734E-01
   357    5.754987973770E-01
   358    5.739593608233E-01
   359    5.724131515188E-01
   360    5.708809508919E-01
   361    5.693144759960E-01
   362    5.677133834343E-01
   363    5.661569902606E-01
   364    5.645821736225E-01
   365    5.629929319953E-01
   366    5.614048494424E-01
   367    5.598117235161E-01
   368    5.581951033093E-01
   369    5.565780024976E-01
   370    5.549638129704E-01
   371    5.533342245981E-01
   372    5.516986072490E-01
   373    5.500595299468E-01
   374    5.484090632545E-01
   375    5.467570037359E-01
   376    5.450567361897E-01
   377    5.434271090490E-01
   378    5.417223049623E-01
   379    5.400632616855E-01
   380    5.383727000897E-01
   381    5.366831611418E-01
   382    5.349691401255E-01
   383    5.332536711179E-01
   384    5.315379765807E-01
   385    5.297902512045E-01
   386    5.280727934542E-01
   387    5.263357237019E-01
   388    5.245774438359E-01
   389    5.228220331618E-01
   390    5.210191895875E-01
   391    5.192723393992E-01
   392    5.175006212018E-01
   393    5.157097073062E-01
   394    5.139252176927E-01
   442    6.032316724899E-01
   443    6.016443065562E-01
   444    6.000583681426E-01
   445    5.984631973172E-01
   446    5.968633825425E-01
   447    5.952666421148E-01
   448    5.936505259912E-01
   449    5.920429494576E-01
   450    5.904121316279E-01
   451    5.887958413188E-01
   452    5.871632955383E-01
   453    5.855360170168E-01
   454    5.839147593403E-01
   455    5.824102836852E-01
   456    5.808804490175E-01
   457    5.793539795790E-01
   458    5.778256737779E-01
   459    5.762862729344E-01
   460    5.747357351825E-01
   461    5.732207894958E-01
   462    5.716137432129E-01
   463    5.700609779035E-01
   464    5.684916094975E-01
   465    5.669166476790E-01
   466    5.653428780675E-01
   467    5.637440569041E-01
   468    5.621427557244E-01
   469    5.605337894065E-01
   470    5.589246921525E-01
   471    5.572815410958E-01
   472    5.556766534327E-01
   473    5.540457038303E-01
   474    5.524097424721E-01
   475    5.507593445494E-01
   476    5.491067443284E-01
   477    5.474430257763E-01
   478    5.457760233240E-01
   479    5.441015626601E-01
   480    5.424087978174E-01
   481    5.407260628841E-01
   482    5.390264790565E-01
   483    5.373239215567E-01
   484    5.356101248873E-01
   485    5.338762041295E-01
   486    5.321664007654E-01
   487    5.304265044706E-01
   488    5.286914225860E-01
   489    5.269039712984E-01
   490    5.251341398553E-01
   491    5.234392506261E-01
   492    5.216048724259E-01
   493    5.198431781300E-01
   494    5.180881976133E-01
   495    5.162717428913E-01
   496    5.144739178286E-01
   497    5.126428832060E-01
   544    6.041309043766E-01
   545    6.025413053924E-01
   546    6.009658341163E-01
   547    5.993628907594E-01
   548    5.977690751501E-01
   549    5.961406010951E-01
   550    5.945408556668E-01
   551    5.929251956036E-01
   552    5.913093180054E-01
   553    5.896787095193E-01
   554    5.880436280719E-01
   555    5.864121646689E-01
   556    5.847664423888E-01
   557    5.831552308904E-01
   558    5.816577592275E-01
   559    5.801261594195E-01
   560    5.785914829708E-01
   561    5.770585320467E-01
   562    5.754965438126E-01
   563    5.739551716428E-01
   564    5.723762834737E-01
   565    5.708134450742E-01
   566    5.692328060015E-01
   567    5.676511027381E-01
   568    5.660585487282E-01
   569    5.644625328155E-01
   570    5.628559522339E-01
   571    5.612777862588E-01
   572    5.596242824811E-01
   573    5.580258526796E-01
   574    5.563864033147E-01
   575    5.547347174183E-01
   576    5.530904532677E-01
   577    5.514311420946E-01
   578    5.497760434276E-01
   579    5.481110329816E-01
   580    5.464328779220E-01
   581    5.447574994128E-01
   582    5.430602321889E-01
   583    5.413659786052E-01
   584    5.396577955287E-01
   585    5.379641223156E-01
   586    5.362383727134E-01
   587    5.345323631853E-01
   588    5.327798473477E-01
   589    5.310305961880E-01
   590    5.292888727383E-01
   591    5.275291541552E-01
   592    5.257658419759E-01
   593    5.239859360228E-01
   594    5.222112461028E-01
   595    5.204166542306E-01
   596    5.186126515847E-01
   597    5.168145470134E-01
   598    5.150536523580E-01
   599    5.132902492932E-01
   600    5.114984285870E-01
   647    6.034307279704E-01
   648    6.018508312726E-01
   649    6.002509240500E-01
   650    5.986449216044E-01
   651    5.970327675126E-01
   652    5.954181776726E-01
   653    5.937924350446E-01
   654    5.921658642900E-01
   655    5.905363635656E-01
   656    5.889041539836E-01
   657    5.872331259320E-01
   658    5.856245500909E-01
   659    5.839740642658E-01
   660    5.824186142231E-01
   661    5.808803883061E-01
   662    5.793446876676E-01
   663    5.777728111869E-01
   664    5.762244033465E-01
   665    5.746837951577E-01
   666    5.731108502200E-01
   667    5.715366468924E-01
   668    5.699510519681E-01
   669    5.683668024107E-01
   670    5.667773491193E-01
   671    5.651644650124E-01
   672    5.635518281927E-01
   673    5.619627307205E-01
   674    5.603215270756E-01
   675    5.586942953433E-01
   676    5.570669173064E-01
   677    5.554010284833E-01
   678    5.537591178644E-01
   679    5.521013533829E-01
   680    5.504277092280E-01
   681    5.487571053096E-01
   682    5.470723373573E-01
   683    5.453819452033E-01
   684    5.436892151543E-01
   685    5.420072132189E-01
   686    5.402815117203E-01
   687    5.385546185850E-01
   688    5.368472711044E-01
   689    5.351028368095E-01
   690    5.333647637348E-01
   691    5.316153373521E-01
   692    5.298514169352E-01
   693    5.280899194860E-01
   694    5.263332309591E-01
   695    5.245383354791E-01
   696    5.227485689721E-01
   697    5.209863064795E-01
   698    5.192572930998E-01
   699    5.175078891948E-01
   700    5.157543020945E-01
   749    6.042806682860E-01
   750    6.027017978712E-01
   751    6.011019554779E-01
   752    5.995055245090E-01
   753    5.978888986982E-01
   754    5.962645257833E-01
   755    5.946459649604E-01
   756    5.930193625602E-01
   757    5.914094828342E-01
   758    5.897407477774E-01
   759    5.880991547401E-01
   760    5.864615153474E-01
   761    5.847982981763E-01
   762    5.831752251987E-01
   763    5.816345521111E-01
   764    5.800764728316E-01
   765    5.785212694496E-01
   766    5.769533663180E-01
   767    5.753952936234E-01
   768    5.738208563974E-01
   769    5.722435288233E-01
   770    5.706726893550E-01
   771    5.690758421729E-01
   772    5.674810701488E-01
   773    5.658518325188E-01
   774    5.642388731701E-01
   775    5.626164068306E-01
   776    5.609920756301E-01
   777    5.593534531376E-01
   778    5.577048527347E-01
   779    5.560526423071E-01
   780    5.543866859171E-01
   781    5.527462815389E-01
   782    5.510648202944E-01
   783    5.493871919793E-01
   784    5.476952259593E-01
   785    5.460046888411E-01
   786    5.443013887213E-01
   787    5.425956003189E-01
   788    5.409197308311E-01
   789    5.391527264578E-01
   790    5.374185073068E-01
   791    5.356624874446E-01
   792    5.339256700720E-01
   793    5.321745771186E-01
   794    5.304077441093E-01
   795    5.286182749965E-01
   796    5.269051179413E-01
   797    5.251759946951E-01
   798    5.234288464469E-01
   799    5.217080325820E-01
   800    5.199660696757E-01
   852    6.035291628255E-01
   853    6.019424414733E-01
   854    6.003327497854E-01
   855    5.987155905550E-01
   856    5.971009781784E-01
   857    5.954747664313E-01
   858    5.938434037558E-01
   859    5.921992624730E-01
   860    5.905599833630E-01
   861    5.889111410672E-01
   862    5.872606940980E-01
   863    5.856045031532E-01
   864    5.839472698387E-01
   865    5.823476952149E-01
   866    5.807867865360E-01
   867    5.792309439014E-01
   868    5.776579270350E-01
   869    5.760879503523E-01
   870    5.745131305330E-01
   871    5.729294795279E-01
   872    5.713329909195E-01
   873    5.697377139359E-01
   874    5.681300616779E-01
   875    5.665158732432E-01
   876    5.648948786945E-01
   877    5.632686782344E-01
   878    5.616385428478E-01
   879    5.600077752763E-01
   880    5.583711720603E-01
   881    5.566884825717E-01
   882    5.550146031794E-01
   883    5.533516988565E-01
   884    5.516745773295E-01
   885    5.499924724869E-01
   886    5.482633922898E-01
   887    5.465902859606E-01
   888    5.449080134661E-01
   889    5.431758167490E-01
   890    5.414488862806E-01
   891    5.397106895883E-01
   892    5.379763608781E-01
   893    5.362298802669E-01
   894    5.344778467948E-01
   895    5.327640271755E-01
   896    5.310468661232E-01
   897    5.293273721133E-01
   898    5.276068177635E-01
   899    5.258759606193E-01
   900    5.241594763422E-01
   954    6.043381048839E-01
   955    6.027412335337E-01
   956    6.011522916370E-01
   957    5.995372884627E-01
   958    5.979180741218E-01
   959    5.962833348548E-01
   960    5.946492965987E-01
   961    5.930052698352E-01
   962    5.913533778111E-01
   963    5.897050801746E-01
   964    5.880472387065E-01
   965    5.863756694592E-01
   966    5.847204785962E-01
   967    5.830523419660E-01
   968    5.814763673692E-01
   969    5.799188187106E-01
   970    5.783504757099E-01
   971    5.767957535417E-01
   972    5.751833505191E-01
   973    5.735803522481E-01
   974    5.719991656513E-01
   975    5.703971572569E-01
   976    5.687833655668E-01
   977    5.671656478341E-01
   978    5.655821383566E-01
   979    5.638949909049E-01
   980    5.622685013323E-01
   981    5.606236200822E-01
   982    5.589592466247E-01
   983    5.573029249586E-01
   984    5.556306005818E-01
   985    5.539720377115E-01
   986    5.522867594837E-01
   987    5.505561000830E-01
   988    5.488838223057E-01
   989    5.471696459835E-01
   990    5.454603308427E-01
   991    5.437339733759E-01
   992    5.419959957066E-01
   993    5.402670556771E-01
   994    5.385626431196E-01
   995    5.368720074993E-01
   996    5.351654472008E-01
   997    5.334616011867E-01
   998    5.317479515640E-01
   999    5.300435860532E-01
  1000    5.283315682837E-01
  1056    6.051122119575E-01
  1057    6.035314866829E-01
  1058    6.019360388950E-01
  1059    6.003313630290E-01
  1060    5.987054633723E-01
  1061    5.970836761497E-01
  1062    5.954006239107E-01
  1063    5.937941105780E-01
  1064    5.921241797608E-01
  1065    5.904810311336E-01
  1066    5.888195765981E-01
  1067    5.871529205478E-01
  1068    5.854744795331E-01
  1069    5.838191547544E-01
  1070    5.821583626552E-01
  1071    5.805958254939E-01
  1072    5.790147131691E-01
  1073    5.774352271637E-01
  1074    5.758453296631E-01
  1075    5.742504227747E-01
  1076    5.726453315736E-01
  1077    5.710276648936E-01
  1078    5.694226942148E-01
  1079    5.677951930824E-01
  1080    5.661838567033E-01
  1081    5.645173479938E-01
  1082    5.628766731638E-01
  1083    5.612249648155E-01
  1084    5.595627401918E-01
  1085    5.578628625688E-01
  1086    5.562178672964E-01
  1087    5.545690402431E-01
  1088    5.528592565731E-01
  1089    5.511449807821E-01
  1090    5.494357634829E-01
  1091    5.477279494868E-01
  1092    5.460095314719E-01
  1093    5.443285011898E-01
  1094    5.426398780057E-01
  1095    5.409535692074E-01
  1096    5.392664422249E-01
  1097    5.375718369204E-01
  1098    5.358800788388E-01
  1099    5.341824551639E-01
  1100    5.324867682380E-01
  1159    6.042991423520E-01
  1160    6.026986798994E-01
  1161    6.010884177223E-01
  1162    5.994750586495E-01
  1163    5.978439589918E-01
  1164    5.961973496917E-01
  1165    5.945481405301E-01
  1166    5.928930439233E-01
  1167    5.912270109967E-01
  1168    5.895683715025E-01
  1169    5.879019939795E-01
  1170    5.862270260622E-01
  1171    5.845507993462E-01
  1172    5.828639942820E-01
  1173    5.812444272486E-01
  1174    5.796681432432E-01
  1175    5.780764376083E-01
  1176    5.764700412051E-01
  1177    5.748839933931E-01
  1178    5.732648530010E-01
  1179    5.716572517964E-01
  1180    5.700344056717E-01
  1181    5.684041022925E-01
  1182    5.667659100445E-01
  1183    5.651136091022E-01
  1184    5.634700232384E-01
  1185    5.618014533613E-01
  1186    5.601422471691E-01
  1187    5.584698504135E-01
  1188    5.568104330463E-01
  1189    5.551081277309E-01
  1190    5.533967554946E-01
  1191    5.516997808736E-01
  1192    5.500335884525E-01
  1193    5.483632841172E-01
  1194    5.466951143285E-01
  1195    5.450212139424E-01
  1196    5.433423676089E-01
  1197    5.416678865008E-01
  1198    5.399877496239E-01
  1199    5.382999282821E-01
  1200    5.366242286728E-01
  1261    6.050426604314E-01
  1262    6.034396211598E-01
  1263    6.018291149777E-01
  1264    6.002105849299E-01
  1265    5.985911219029E-01
  1266    5.969432549563E-01
  1267    5.952935516853E-01
  1268    5.936342428064E-01
  1269    5.919705380339E-01
  1270    5.902981571701E-01
  1271    5.886238926399E-01
  1272    5.869462420702E-01
  1273    5.852635024235E-01
  1274    5.835782279313E-01
  1275    5.818829819642E-01
  1276    5.802944779141E-01
  1277    5.786759774709E-01
  1278    5.771070124604E-01
  1279    5.754830900602E-01
  1280    5.738837963378E-01
  1281    5.722606412923E-01
  1282    5.706278134328E-01
  1283    5.690045272890E-01
  1284    5.673506593005E-01
  1285    5.657125646182E-01
  1286    5.640397101002E-01
  1287    5.623749705334E-01
  1288    5.606768736966E-01
  1289    5.590195875419E-01
  1290    5.573442328241E-01
  1291    5.556938317466E-01
  1292    5.540277381217E-01
  1293    5.523886690873E-01
  1294    5.507294245465E-01
  1295    5.490613081601E-01
  1296    5.474049064555E-01
  1297    5.457558118341E-01
  1298    5.440722803430E-01
  1299    5.424124802432E-01
  1300    5.407380958002E-01
  1364    6.041634631716E-01
  1365    6.025495669398E-01
  1366    6.009293852420E-01
  1367    5.992992231051E-01
  1368    5.976644831214E-01
  1369    5.960132140554E-01
  1370    5.943508556083E-01
  1371    5.926905812795E-01
  1372    5.910094263087E-01
  1373    5.893296219079E-01
  1374    5.876298343350E-01
  1375    5.859527984137E-01
  1376    5.842681869365E-01
  1377    5.825738357403E-01
  1378    5.808835682100E-01
  1379    5.793045591314E-01
  1380    5.776998731577E-01
  1381    5.760622270256E-01
  1382    5.744684696954E-01
  1383    5.728380123032E-01
  1384    5.712043092444E-01
  1385    5.695646576639E-01
  1386    5.679135920293E-01
  1387    5.662603495513E-01
  1388    5.645764902186E-01
  1389    5.629325073926E-01
  1390    5.612984107708E-01
  1391    5.596652073900E-01
  1392    5.580254782327E-01
  1393    5.563800096506E-01
  1394    5.547386571795E-01
  1395    5.530919039582E-01
  1396    5.514448645429E-01
  1397    5.497975498965E-01
  1398    5.481427286155E-01
  1399    5.464916415112E-01
  1400    5.448315191621E-01
  1466    6.048722534119E-01
  1467    6.032512531428E-01
  1468    6.016268426509E-01
  1469    5.999929203129E-01
  1470    5.983562571854E-01
  1471    5.967144647151E-01
  1472    5.950504716450E-01
  1473    5.933709660198E-01
  1474    5.916853995505E-01
  1475    5.900193215583E-01
  1476    5.883269071282E-01
  1477    5.866396469768E-01
  1478    5.849349276614E-01
  1479    5.832377316770E-01
  1480    5.815300737850E-01
  1481    5.799073534090E-01
  1482    5.782779538159E-01
  1483    5.766601236352E-01
  1484    5.750354308765E-01
  1485    5.733939810546E-01
  1486    5.717825500035E-01
  1487    5.701189819650E-01
  1488    5.684771360094E-01
  1489    5.668673539764E-01
  1490    5.652389923580E-01
  1491    5.636182496848E-01
  1492    5.619945191397E-01
  1493    5.603588161561E-01
  1494    5.587321416891E-01
  1495    5.571057312514E-01
  1496    5.554634230139E-01
  1497    5.538314920404E-01
  1498    5.521911580137E-01
  1499    5.505551732349E-01
  1500    5.489120907495E-01
  1569    6.039311077150E-01
  1570    6.023056822259E-01
  1571    6.006682277620E-01
  1572    5.990352685433E-01
  1573    5.973664692516E-01
  1574    5.957276037646E-01
  1575    5.940551888677E-01
  1576    5.923790711409E-01
  1577    5.906813207470E-01
  1578    5.889874296685E-01
  1579    5.872918360387E-01
  1580    5.855857554088E-01
  1581    5.838783936913E-01
  1582    5.821820061863E-01
  1583    5.804577775178E-01
  1584    5.788439113646E-01
  1585    5.772217295612E-01
  1586    5.755875916213E-01
  1587    5.739661085498E-01
  1588    5.723722941310E-01
  1589    5.707656259131E-01
  1590    5.691475802242E-01
  1591    5.675479158888E-01
  1592    5.659395608046E-01
  1593    5.643193654421E-01
  1594    5.627086258876E-01
  1595    5.610866313462E-01
  1596    5.594668126438E-01
  1597    5.578456202257E-01
  1598    5.562226857725E-01
  1599    5.545950634532E-01
  1600    5.529725913634E-01
  1671    6.045957416342E-01
  1672    6.029659428296E-01
  1673    6.013243737789E-01
  1674    5.996763632710E-01
  1675    5.980050005003E-01
  1676    5.963682842277E-01
  1677    5.947059377087E-01
  1678    5.930206352012E-01
  1679    5.913268190075E-01
  1680    5.896282608244E-01
  1681    5.879120976494E-01
  1682    5.862183465659E-01
  1683    5.845065690552E-01
  1684    5.827912423118E-01
  1685    5.810701311451E-01
  1686    5.794271137563E-01
  1687    5.778209672535E-01
  1688    5.762383780290E-01
  1689    5.746531904522E-01
  1690    5.730512628527E-01
  1691    5.714546832844E-01
  1692    5.698588415008E-01
  1693    5.682635860755E-01
  1694    5.666566718091E-01
  1695    5.650560133270E-01
  1696    5.634495586501E-01
  1697    5.618391778802E-01
  1698    5.602315758374E-01
  1699    5.586204645499E-01
  1700    5.570085356309E-01
  1773    6.052337611158E-01
  1774    6.036123190747E-01
  1775    6.019587124427E-01
  1776    6.003130683839E-01
  1777    5.986513528827E-01
  1778    5.969920823947E-01
  1779    5.953304044283E-01
  1780    5.936637507386E-01
  1781    5.919615622249E-01
  1782    5.902539088705E-01
  1783    5.885415746510E-01
  1784    5.868307616988E-01
  1785    5.851247190154E-01
  1786    5.834285814312E-01
  1787    5.817536175346E-01
  1788    5.800997195975E-01
  1789    5.785079775929E-01
  1790    5.769287617240E-01
  1791    5.753503329024E-01
  1792    5.737615146902E-01
  1793    5.721752465211E-01
  1794    5.705844809845E-01
  1795    5.689977714307E-01
  1796    5.674075347779E-01
  1797    5.657917747304E-01
  1798    5.642240199688E-01
  1799    5.626142684180E-01
  1800    5.610324267791E-01
  1876    6.042413491046E-01
  1877    6.025931212929E-01
  1878    6.009329666057E-01
  1879    5.992699095103E-01
  1880    5.976037347364E-01
  1881    5.959356998087E-01
  1882    5.942548471076E-01
  1883    5.925771594857E-01
  1884    5.908825069977E-01
  1885    5.891853278494E-01
  1886    5.874868167612E-01
  1887    5.858172228929E-01
  1888    5.841229223477E-01
  1889    5.824522621057E-01
  1890    5.808106298167E-01
  1891    5.792144836659E-01
  1892    5.776462303361E-01
  1893    5.760739703053E-01
  1894    5.744982238216E-01
  1895    5.729222958494E-01
  1896    5.713469223876E-01
  1897    5.697655423257E-01
  1898    5.681776846133E-01
  1899    5.666004044714E-01
  1900    5.650182581573E-01
  1979    6.032373637604E-01
  1980    6.015798413023E-01
  1981    5.999162195719E-01
  1982    5.982471984585E-01
  1983    5.965809359037E-01
  1984    5.948989465929E-01
  1985    5.932157501657E-01
  1986    5.915192845487E-01
  1987    5.898381603293E-01
  1988    5.881524187143E-01
  1989    5.864765300602E-01
  1990    5.848088608078E-01
  1991    5.831625848303E-01
  1992    5.815392624116E-01
  1993    5.799347868811E-01
  1994    5.783883528760E-01
  1995    5.768411340187E-01
  1996    5.752661068707E-01
  1997    5.737004761056E-01
  1998    5.721272542089E-01
  1999    5.705660039172E-01
  2000    5.689895761941E-01
  2081    6.038737762494E-01
  2082    6.022196531834E-01
  2083    6.005546931060E-01
  2084    5.988833912324E-01
  2085    5.972097344266E-01
  2086    5.955322589585E-01
  2087    5.938554229538E-01
  2088    5.921688176811E-01
  2089    5.904840358760E-01
  2090    5.888099435393E-01
  2091    5.871383497631E-01
  2092    5.854909259415E-01
  2093    5.838667548580E-01
  2094    5.822732995353E-01
  2095    5.807106901678E-01
  2096    5.791665154234E-01
  2097    5.776108872825E-01
  2098    5.760475056687E-01
  2099    5.745023791094E-01
  2100    5.729406047355E-01
  2184    6.028378096062E-01
  2185    6.011754424288E-01
  2186    5.994931880414E-01
  2187    5.978383090735E-01
  2188    5.961611323411E-01
  2189    5.944813548369E-01
  2190    5.928170183898E-01
  2191    5.911343889123E-01
  2192    5.894539592526E-01
  2193    5.878090069764E-01
  2194    5.861804892130E-01
  2195    5.845757832889E-01
  2196    5.830187064271E-01
  2197    5.814966751835E-01
  2198    5.799596702664E-01
  2199    5.784182533685E-01
  2200    5.768718068380E-01
  2287    6.018173625812E-01
  2288    6.001268025386E-01
  2289    5.984609454239E-01
  2290    5.967869611829E-01
  2291    5.951140450131E-01
  2292    5.934343110000E-01
  2293    5.917539809960E-01
  2294    5.900993817027E-01
  2295    5.884712941293E-01
  2296    5.868712059110E-01
  2297    5.853120798596E-01
  2298    5.837875599740E-01
  2299    5.823109440655E-01
  2300    5.807738562067E-01
  2390    6.007472334079E-01
  2391    5.990812063070E-01
  2392    5.974156075331E-01
  2393    5.957399525965E-01
  2394    5.940687245502E-01
  2395    5.923929195955E-01
  2396    5.907390270338E-01
  2397    5.891406532411E-01
  2398    5.875714877747E-01
  2399    5.860481821326E-01
  2400    5.845755582215E-01
  2492    6.013573306934E-01
  2493    5.997073208103E-01
  2494    5.980364930363E-01
  2495    5.963752026619E-01
  2496    5.947082073749E-01
  2497    5.930454281875E-01
  2498    5.913868310750E-01
  2499    5.898239483464E-01
  2500    5.882955859842E-01
  2595    6.003267584342E-01
  2596    5.986708800905E-01
  2597    5.970102293201E-01
  2598    5.953454849723E-01
  2599    5.936748335779E-01
  2600    5.920525539479E-01
  2698    5.993018855715E-01
  2699    5.976417565998E-01
  2700    5.959890069725E-01
