NULLPT    5   3
FONT      Helvetica 
FAT   0.02
PUNKTE   97  0.5   16.0000  0.25  999  999 
FAT   0.02
PUNKTE   98  0.5   16.0000  0.25  999  999 
FAT   0.03
NPLOIG  
Temperature [C]                                                                 
Pressure [Bar]                                                                  
   550.000   850.000    1000.0    7000.0   15.0000   15.0000  0  0
   20    0    0    0    0    0
   550.000    7320.0 0.2000000    0.0000    0Bulk(1)= SI(51.64)AL(21.76)CA(11)MG(10)FE(6.9)K(0.46)NA(6.91)TI(0.58)H(9.81)O(173.98)               
   850.000     200.0 0.2000000    0.0000    014.07.2023 - 12:03:55  CPU time:    3h 08m 14.34s                                                   
   880.000    7000.0 0.2000000    0.0000    0MC-1                                                                                                
   880.000    6860.0 0.2000000    0.0000    0domino version: 15.r187x-g                                                                          
   880.000    6720.0 0.2000000    0.0000    0database: td-mafic.txt                                                                              
   880.000    6580.0 0.2000000    0.0000    0H2O: PS94H2O                                                                                        
   880.000    6440.0 0.2000000    0.0000    0Isolines: PLc03 an2                                                                                 
   880.000    6300.0 0.2000000    0.0000    0OPXW14: site mixing+margules                                                                        
   880.000    6160.0 0.2000000    0.0000    0LIQMB16: external+margules                                                                          
   880.000    6020.0 0.2000000    0.0000    0CAMPG16: site mixing+margules                                                                       
   880.000    5880.0 0.2000000    0.0000    0AUGG16: site mixing+margules                                                                        
   880.000    5740.0 0.2000000    0.0000    0GRTW14: site mixing+margules                                                                        
   880.000    5600.0 0.2000000    0.0000    0OL11: site mixing+margules                                                                          
   880.000    5460.0 0.2000000    0.0000    0PLc03: site mixing+margules                                                                         
   880.000    5320.0 0.2000000    0.0000    0MTSP02: site mixing+margules                                                                        
   880.000    5180.0 0.2000000    0.0000    0ILM00: site mixing+margules                                                                         
   880.000    5040.0 0.2000000    0.0000    0EP11: site mixing+margules                                                                          
   880.000    4900.0 0.2000000    0.0000    0BI14: site mixing+margules                                                                          
   880.000    4760.0 0.2000000    0.0000    0MU14: site mixing+margules                                                                          
   880.000    4620.0 0.2000000    0.0000    0CHL14: site mixing+margules                                                                         
    1    0    0    0    0    0
   684.265    1765.7 0.2000000   87.2278    6(0.46)                                                                                              
    1    0    0    0    0    0
   689.437    1665.6 0.2000000   87.2278    6(0.48)                                                                                              
   -1   10    0    0    0    0
   650.576    1000.0 3   670.000    1417.8 2   678.467    1600.0 2   700.000    2044.7 2   708.057    2200.0 2   730.000    2577.9 2   734.658    2650.0 2
   735.625    2664.6 2   735.889    2668.8 2   736.562    2678.7 2
    1    2    0    0    3    0
   822.514    1100.6 3   834.626    1013.4 2
   817.875    1073.6 0.2400000    0.0000    12                                                                                                   
   -1    5    0    0    0    0
   833.330    1000.0 3   835.000    1005.3 2   842.500    1022.9 2   842.969    1022.9 2   843.438    1024.0 2
    1    0    0    0    0    0
   622.703    2920.7 0.2000000   87.3119    6(0.44)                                                                                              
    1    0    0    0    0    0
   627.952    2822.2 0.2000000   87.3119    6(0.46)                                                                                              
   -1   19    0    0    0    0
   561.045    1506.2 3   561.250    1510.4 2   561.924    1525.0 2   565.000    1593.6 2   565.264    1600.0 2   580.000    1929.9 2   592.041    2200.0 2
   610.000    2597.9 2   619.229    2800.0 2   640.000    3242.4 2   647.646    3400.0 2   670.000    3843.6 2   678.291    4000.0 2   685.000    4123.6 2
   694.814    4300.0 2   696.250    4325.2 2   699.092    4375.0 2   699.531    4382.6 2   699.619    4384.4 2
    1    0    0    0    0    0
   790.120    1749.5 0.2000000  -85.9998    6(0.48)                                                                                              
    1    0    0    0    0    0
   795.548    1848.9 0.2000000  -85.9998    5(0.5)                                                                                               
   -1   11    0    0    0    0
   834.795    1225.0 3   831.250    1286.5 2   830.459    1300.0 2   820.000    1464.6 2   810.420    1600.0 2   805.000    1674.4 2   790.000    1888.9 2
   789.268    1900.0 2   782.500    2017.8 2   781.768    2031.2 2   781.562    2035.4 2
    1    0    0    0    0    0
   805.910    1855.0 0.2400000  -87.2614    15                                                                                                   
   -1   16    0    0    0    0
   835.000    1318.2 3   821.436    1600.0 2   820.000    1629.9 2   810.842    1821.4 2   807.080    1900.0 3   806.820    1905.6 3   805.000    1945.1 2
   800.283    2050.0 2   797.500    2113.9 2   797.002    2125.0 2   795.625    2157.2 2   795.420    2162.5 2   794.688    2179.5 2   794.658    2181.2 2
   794.248    2190.6 2   794.219    2191.2 2
    1    0    0    0    0    0
   826.427    1721.8 0.2400000  -87.3440    16                                                                                                   
   -1   15    0    0    0    0
   847.275    1337.5 3   846.250    1360.4 2   845.576    1375.0 2   842.500    1443.6 2   842.236    1450.0 2   835.381    1600.0 2   835.000    1607.6 2
   831.302    1687.3 2   827.371    1772.1 3   821.436    1900.0 2   820.000    1932.2 2   807.842    2200.0 2   807.812    2200.6 2   807.373    2209.4 2
   807.344    2211.1 2
    1    0    0    0    0    0
   835.904    1757.2 0.2400000  -87.4198    17                                                                                                   
   -1   11    0    0    0    0
   850.000    1515.0 3   846.221    1600.0 2   840.738    1721.7 2   836.884    1807.2 3   835.000    1849.0 2   832.686    1900.0 2   827.500    2015.4 2
   825.947    2050.0 2   823.750    2098.6 2   822.549    2125.0 2   822.344    2129.1 2
    1    0    0    0    0    0
   771.792    2289.2 0.2400000  -88.5162    18                                                                                                   
   -1   12    0    0    0    0
   780.244    2078.1 3   780.156    2079.9 2   779.951    2087.5 2   778.896    2125.0 2   778.750    2130.3 2   776.846    2200.0 2   776.061    2229.6 2
   775.000    2269.7 3   773.371    2332.6 3   772.920    2350.0 2   772.451    2368.8 2   772.188    2378.7 2
    1    2    0    0    3    0
   781.461    2590.2 3   790.103    2331.7 2
   777.348    2614.2 0.2400000    0.0000    19                                                                                                   
   -1    6    0    0    0    0
   793.838    2200.0 3   790.000    2338.9 2   789.678    2350.0 2   788.682    2387.5 2   788.594    2390.4 2   788.447    2396.9 2
    1    0    0    0    0    0
   831.898    2956.0 0.2000000   89.2055    6(0.54)                                                                                              
    1    0    0    0    0    0
   838.837    2917.5 0.2000000   89.2055    6(0.56)                                                                                              
   -1    9    0    0    0    0
   822.256    2134.4 3   822.344    2140.8 2   822.373    2143.8 2   822.666    2162.5 2   823.135    2200.0 2   831.396    2800.0 2   839.717    3400.0 2
   848.154    4000.0 2   850.000    4130.7 2
    1    0    0    0    0    0
   839.352    2337.7 0.2000000   89.1664    6(0.56)                                                                                              
    1    0    0    0    0    0
   846.265    2297.5 0.2000000   89.1664    6(0.58)                                                                                              
   -1    5    0    0    0    0
   836.553    2031.2 3   836.846    2050.0 2   839.014    2200.0 2   847.744    2800.0 2   850.000    2954.1 2
    1    0    0    0    0    0
   603.200    3562.7 0.2000000   87.0846    6(0.42)                                                                                              
    1    0    0    0    0    0
   608.244    3460.0 0.2000000   87.0846    6(0.44)                                                                                              
   -1   11    0    0    0    0
   550.000    2466.6 3   566.787    2800.0 2   580.000    3060.7 2   597.197    3400.0 2   610.000    3651.4 2   627.842    4000.0 2   640.000    4233.8 2
   659.189    4600.0 2   662.500    4662.7 2   663.174    4675.0 2   663.438    4680.3 2
    1    0    0    0    0    0
   723.417    3359.1 0.2000000  -89.2948    6(0.46)                                                                                              
    1    0    0    0    0    0
   730.408    3393.5 0.2000000  -89.2948    6(0.48)                                                                                              
   -1    9    0    0    0    0
   736.768    2687.5 3   736.475    2725.0 2   735.771    2800.0 2   732.373    3100.0 2   730.000    3292.8 2   728.623    3400.0 2   724.873    3700.0 2
   723.936    3775.0 2   723.643    3793.8 2
    1    0    0    0    0    0
   760.574    2768.3 0.2400000  -88.7021    214                                                                                                  
   -1   10    0    0    0    0
   771.982    2387.5 3   771.250    2416.2 2   771.045    2425.0 2   769.287    2500.0 2   766.003    2645.0 2   762.490    2800.0 3   762.274    2810.0 3
   760.000    2915.4 2   759.268    2950.0 2   759.062    2960.0 2
    1    0    0    0    0    0
   794.499    2875.9 0.2000000   89.0712    5(0.5)                                                                                               
    1    0    0    0    0    0
   800.878    2802.4 0.2000000   89.0712    6(0.52)                                                                                              
   -1    8    0    0    0    0
   788.330    2406.2 3   788.682    2425.0 2   789.912    2500.0 2   790.000    2504.1 2   794.951    2800.0 2   804.678    3400.0 2   805.000    3419.3 2
   805.264    3437.5 2
    1    0    0    0    0    0
   824.021    3650.6 0.2000000   89.2447    6(0.52)                                                                                              
    1    0    0    0    0    0
   830.984    3613.8 0.2000000   89.2447    6(0.54)                                                                                              
   -1   13    0    0    0    0
   807.314    2218.8 3   807.549    2237.5 2   808.018    2275.0 2   808.750    2333.0 2   808.955    2350.0 2   810.830    2500.0 2   814.639    2800.0 2
   820.000    3215.4 2   822.373    3400.0 2   830.283    4000.0 2   838.369    4600.0 2   846.572    5200.0 2   850.000    5446.7 2
    1    0    0    0    0    0
   611.546    4780.6 0.2000000   88.1621    5(0.4)                                                                                               
    1    0    0    0    0    0
   616.782    4677.2 0.2000000   88.1621    6(0.42)                                                                                              
   -1   20    0    0    0    0
   565.029    3156.2 3   565.615    3175.0 2   567.725    3250.0 2   572.061    3400.0 2   580.000    3674.8 2   589.580    4000.0 2   607.744    4600.0 2
   610.000    4673.2 2   626.904    5200.0 2   640.000    5586.1 2   647.529    5800.0 2   655.000    6005.7 2   658.545    6100.0 2   662.500    6204.9 2
   664.229    6250.0 2   666.250    6303.3 2   667.100    6325.0 2   670.000    6398.2 2   670.029    6400.0 2   671.553    6437.5 2
    1    0    0    0    0    0
   795.510    4987.0 0.2000000   88.9985    6(0.48)                                                                                              
    1    0    0    0    0    0
   802.810    4968.3 0.2000000   88.9985    5(0.5)                                                                                               
   -1   14    0    0    0    0
   766.826    3371.9 3   767.002    3381.2 2   767.412    3400.0 2   779.248    4000.0 2   790.000    4577.1 2   790.439    4600.0 2   800.928    5200.0 2
   811.006    5800.0 2   820.000    6359.6 2   820.615    6400.0 2   825.361    6700.0 2   826.533    6775.0 2   826.562    6777.9 2   826.650    6784.4 2
    1    0    0    0    0    0
   736.679    4388.3 0.2000000   88.9315    6(0.46)                                                                                              
    1    0    0    0    0    0
   743.425    4338.0 0.2000000   88.9315    6(0.48)                                                                                              
   -1    7    0    0    0    0
   730.439    3962.5 3   731.143    4000.0 2   742.334    4600.0 2   745.000    4742.4 2   747.900    4900.0 2   748.750    4945.1 2   749.307    4975.0 2
    1    0    0    0    0    0
   823.890    5067.9 0.2000000   89.2653    5(0.5)                                                                                               
    1    0    0    0    0    0
   830.485    5002.5 0.2000000   89.2653    6(0.52)                                                                                              
   -1   14    0    0    0    0
   805.439    3446.9 3   805.469    3451.0 2   805.557    3456.2 2   805.732    3475.0 2   806.670    3550.0 2   808.428    3700.0 2   812.119    4000.0 2
   819.561    4600.0 2   820.000    4635.7 2   827.236    5200.0 2   835.088    5800.0 2   843.174    6400.0 2   847.275    6700.0 2   850.000    6898.6 2
    1    0    0    0    0    0
   576.043    5227.2 0.2000000   88.1512    6(0.38)                                                                                              
    1    0    0    0    0    0
   582.920    5174.7 0.2000000   88.1512    5(0.4)                                                                                               
   -1   12    0    0    0    0
   550.000    4261.9 3   559.463    4600.0 2   577.217    5200.0 2   580.000    5290.8 2   596.436    5800.0 2   610.000    6193.2 2   612.021    6250.0 2
   613.750    6297.5 2   614.717    6325.0 2   615.625    6349.0 2   616.123    6362.5 2   616.475    6371.9 2
    1    0    0    0    0    0
   694.669    4640.4 0.2400000  -89.3732    222                                                                                                  
   -1   10    0    0    0    0
   699.854    4393.8 3   699.619    4412.5 2   699.209    4450.0 2   698.787    4488.6 2   697.568    4600.0 3   696.702    4673.9 3   696.689    4675.0 2
   696.250    4715.4 2   696.104    4731.2 2   695.986    4740.6 2
    1    0    0    0    0    0
   670.607    4926.4 0.2000000   87.8188    6(0.42)                                                                                              
    1    0    0    0    0    0
   676.334    4839.2 0.2000000   87.8188    6(0.44)                                                                                              
   -1   14    0    0    0    0
   663.906    4690.8 3   663.994    4693.8 2   664.375    4703.7 2   664.697    4712.5 2   666.045    4750.0 2   670.000    4857.2 2   671.611    4900.0 2
   683.037    5200.0 2   685.000    5251.0 2   685.967    5275.0 2   686.875    5299.0 2   687.432    5312.5 2   687.812    5322.5 2   688.135    5331.2 2
    1    0    0    0    0    0
   703.887    4984.2 0.2400000   87.4144    224                                                                                                  
   -1   10    0    0    0    0
   695.225    4862.5 3   696.250    4885.4 2   696.924    4900.0 2   700.000    4969.7 2   701.301    4998.5 2   707.668    5139.5 3   710.400    5200.0 2
   711.250    5219.3 2   713.799    5275.0 2   714.062    5281.4 2
    1    2    0    0    3    0
   758.154    5085.5 3   754.386    5143.4 2
   759.289    4965.5 0.2400000    0.0000    225                                                                                                  
   -1   11    0    0    0    0
   749.482    4984.4 3   749.688    4992.0 2   749.717    4993.8 2   750.186    5012.5 2   750.625    5030.7 2   751.064    5050.0 2   752.500    5109.2 2
   754.639    5200.0 2   756.250    5267.4 2   756.455    5275.0 2   756.631    5284.4 2
    1    0    0    0    0    0
   580.363    6322.8 0.2400000   87.3386    226                                                                                                  
   -1   19    0    0    0    0
   551.406    5784.2 3   551.729    5790.6 2   551.875    5793.6 2   552.197    5800.0 2   553.750    5832.2 2   555.771    5875.0 2   557.500    5910.7 2
   559.404    5950.0 2   565.000    6067.8 2   566.553    6100.0 2   572.500    6226.0 2   573.643    6250.0 2   577.779    6338.1 2   580.000    6385.4 3
   580.674    6400.0 3   584.255    6477.0 3   594.619    6700.0 2   595.000    6708.8 2   608.330    7000.0 2
    1    0    0    0    0    0
   696.326    5879.7 0.2400000   87.8955    227                                                                                                  
   -1   11    0    0    0    0
   685.000    5647.1 3   690.420    5800.0 2   693.681    5888.8 2   699.306    6041.8 3   701.494    6100.0 2   703.750    6159.2 2   704.365    6175.0 2
   705.625    6207.2 2   705.830    6212.5 2   706.094    6220.1 2   706.182    6221.9 2
    1    0    0    0    0    0
   723.888    5465.4 0.2400000   87.9164    228                                                                                                  
   -1   12    0    0    0    0
   714.150    5284.4 3   714.502    5293.8 2   715.000    5306.1 2   721.230    5474.4 2   722.178    5500.0 3   726.830    5627.9 3   730.000    5715.0 2
   733.076    5800.0 2   733.750    5819.3 2   734.365    5837.5 2   734.688    5846.3 2   734.717    5846.9 2
    1    0    0    0    0    0
   772.171    5905.6 0.2000000   88.5791    6(0.46)                                                                                              
    1    0    0    0    0    0
   778.621    5841.6 0.2000000   88.5791    6(0.48)                                                                                              
   -1   11    0    0    0    0
   756.719    5287.3 3   756.924    5293.8 2   757.188    5302.5 2   757.510    5312.5 2   758.125    5333.0 2   758.623    5350.0 2   760.000    5395.1 2
   771.338    5800.0 2   786.221    6400.0 2   790.000    6563.5 2   799.580    7000.0 2
    1    2    0    0    3    0
   569.670    5977.4 3   554.511    6392.9 2
   568.743    5857.4 0.2400000    0.0000    230                                                                                                  
   -1    9    0    0    0    0
   550.000    6297.5 3   550.967    6325.0 2   553.604    6400.0 2   557.500    6510.7 2   558.877    6550.0 2   559.375    6564.6 2   559.521    6568.8 2
   559.844    6577.5 2   559.873    6578.1 2
   -1    2    0    0    0    0
   557.588    6325.0 3   557.588    6325.4 2
    1    2    0    0    3    0
   575.651    6207.1 3   560.832    6389.2 2
   576.851    6100.6 0.2400000    0.0000    232                                                                                                  
   -1    4    0    0    0    0
   559.375    6380.7 3   559.990    6400.0 2   560.312    6411.1 2   560.576    6418.8 2
    1    2    0    0    3    0
   589.715    6463.9 3   574.867    6838.7 2
   589.014    6343.9 0.2400000    0.0000    233                                                                                                  
   -1    8    0    0    0    0
   572.031    6783.8 3   572.061    6784.4 2   572.354    6793.8 2   572.500    6799.0 2   574.111    6850.0 2   576.250    6918.6 2   576.455    6925.0 2
   578.799    7000.0 2
    1    2    0    0    3    0
   581.793    5977.4 3   566.386    6393.3 2
   580.905    5857.4 0.2400000    0.0000    234                                                                                                  
   -1    4    0    0    0    0
   565.498    6400.0 3   565.791    6409.4 2   565.938    6414.6 2   566.084    6418.8 2
   -1    2    0    0    0    0
   566.670    6437.5 3   566.875    6443.9 2
    1    2    0    0    3    0
   589.529    6220.6 3   573.181    6608.0 2
   589.014    6100.6 0.2400000    0.0000    236                                                                                                  
   -1    7    0    0    0    0
   570.186    6550.0 3   572.500    6622.1 2   572.588    6625.0 2   573.760    6662.5 2   574.375    6681.8 2   574.639    6690.6 2   574.844    6697.1 2
    1    2    0    0    3    0
   595.922    6789.1 3   577.720    6757.9 2
   597.122    6749.3 0.2400000    0.0000    237                                                                                                  
   -1    5    0    0    0    0
   575.518    6718.8 3   576.162    6737.5 2   576.250    6741.6 2   577.334    6775.0 2   577.920    6793.8 2
    1    2    0    0    3    0
   600.663    6463.9 3   580.134    6827.4 2
   601.176    6343.9 0.2400000    0.0000    238                                                                                                  
   -1    7    0    0    0    0
   578.213    6803.1 3   578.506    6812.5 2   579.678    6850.0 2   580.000    6860.0 2   580.264    6868.8 2   580.469    6874.0 2   580.557    6878.1 2
    1    2    0    0    3    0
   608.084    6684.7 3   583.687    6939.4 2
   609.284    6587.1 0.2400000    0.0000    239                                                                                                  
   -1    6    0    0    0    0
   582.080    6925.0 3   582.666    6943.8 2   582.812    6949.0 2   583.252    6962.5 2   583.281    6963.1 2   583.545    6971.9 2
   -1    2    0    0    0    0
   583.838    6981.2 3   584.424    7000.0 2
    1    2    0    0    3    0
   609.449    5977.4 3   576.171    6684.5 2
   609.270    5857.4 0.2400000    0.0000    241                                                                                                  
   -1    5    0    0    0    0
   575.459    6709.4 3   575.693    6700.0 2   575.312    6698.2 2   574.844    6694.7 2   574.844    6695.9 2
    1    2    0    0    3    0
   564.869    5734.2 3   573.004    6595.3 2
   560.622    5614.2 0.2400000    0.0000    242                                                                                                  
   -1    6    0    0    0    0
   574.053    6625.0 3   573.467    6606.2 2   573.438    6605.7 2   573.408    6606.2 2   572.939    6625.0 2   574.053    6625.0 2
    1    2    0    0    3    0
   616.179    6202.7 3   576.650    6650.8 2
   617.379    6100.6 0.2400000    0.0000    243                                                                                                  
   -1    4    0    0    0    0
   575.781    6650.2 3   575.693    6653.1 2   575.781    6660.7 2   576.250    6654.9 2
    1    2    0    0    3    0
   621.509    5896.3 3   578.694    6779.4 2
   621.433    5776.3 0.2400000    0.0000    244                                                                                                  
   -1    4    0    0    0    0
   578.125    6800.2 3   577.979    6793.8 2   578.037    6793.8 2   578.125    6800.2 2
    1    2    0    0    3    0
   628.341    6132.0 3   579.451    6792.5 2
   629.541    6019.6 0.2400000    0.0000    245                                                                                                  
   -1    3    0    0    0    0
   578.330    6803.1 3   578.594    6803.7 2   578.916    6803.1 2
   -1    3    0    0    0    0
   580.264    6793.8 3   580.205    6793.8 2   580.264    6793.8 2
    1    2    0    0    3    0
   616.179    6866.8 3   580.705    6780.3 2
   617.379    6830.4 0.2400000    0.0000    247                                                                                                  
   -1    5    0    0    0    0
   580.000    6781.4 3   579.531    6775.6 2   579.502    6775.0 2   579.531    6774.4 2   579.561    6775.0 2
   -1    2    0    0    0    0
   581.963    6850.0 3   581.963    6850.4 2
   -1    2    0    0    0    0
   583.750    6978.3 3   583.750    6978.7 2
   -1    3    0    0    0    0
   585.244    6962.5 3   585.303    6962.5 2   585.244    6962.5 2
   -1    3    0    0    0    0
   586.094    6992.4 3   586.123    7000.0 2   586.064    7000.0 2
    1    2    0    0    3    0
   597.445    5653.1 3   565.596    6362.9 2
   597.133    5533.1 0.2400000    0.0000    252                                                                                                  
   -1   16    0    0    0    0
   563.594    6339.6 3   563.740    6343.8 2   564.062    6352.5 2   565.000    6361.9 2   565.322    6362.5 2   565.000    6363.1 2   564.912    6381.2 2
   565.000    6385.4 2   565.439    6390.6 2   565.469    6394.7 2   565.938    6397.1 2   566.025    6400.0 2   565.967    6409.4 2   566.143    6418.8 2
   566.201    6418.8 2   566.406    6426.4 2
    1    2    0    0    3    0
   578.941    5734.2 3   565.846    6378.1 2
   576.863    5614.2 0.2400000    0.0000    253                                                                                                  
   -1    4    0    0    0    0
   565.850    6400.0 3   565.469    6398.2 2   565.469    6395.9 2   565.850    6400.0 2
   -1    2    0    0    0    0
   565.850    6409.4 3   565.938    6411.1 2
    1    2    0    0    3    0
   609.205    5653.1 3   568.569    6458.4 2
   609.295    5533.1 0.2400000    0.0000    255                                                                                                  
   -1    4    0    0    0    0
   567.549    6465.6 3   567.812    6469.7 2   567.900    6475.0 2   568.252    6475.0 2
    1    2    0    0    3    0
   556.928    5490.9 3   568.269    6455.3 2
   552.538    5370.9 0.2400000    0.0000    256                                                                                                  
   -1    4    0    0    0    0
   568.428    6484.4 3   568.662    6475.0 2   568.281    6474.4 2   567.812    6473.2 2
    1    2    0    0    3    0
   568.170    5490.9 3   567.217    6431.6 2
   564.700    5370.9 0.2400000    0.0000    257                                                                                                  
   -1    2    0    0    0    0
   567.314    6456.2 3   567.080    6446.9 2
    1    2    0    0    3    0
   621.052    5572.0 3   570.011    6502.9 2
   621.457    5452.0 0.2400000    0.0000    258                                                                                                  
   -1    4    0    0    0    0
   568.750    6503.7 3   569.248    6512.5 2   569.307    6521.9 2   569.658    6531.2 2
    1    2    0    0    3    0
   556.186    5247.7 3   557.456    6117.2 2
   552.538    5127.7 0.2400000    0.0000    259                                                                                                  
   -1    4    0    0    0    0
   557.969    6136.9 3   557.500    6136.9 2   557.471    6137.5 2   557.471    6146.9 2
   -1    2    0    0    0    0
   557.236    6137.5 3   557.236    6137.9 2
    1    2    0    0    3    0
   589.237    5409.8 3   557.241    6101.6 2
   589.047    5289.8 0.2400000    0.0000    261                                                                                                  
   -1    8    0    0    0    0
   556.562    6115.8 3   556.533    6109.4 2   556.562    6108.8 2   556.592    6109.4 2   556.562    6117.0 2   556.562    6110.0 2   556.650    6118.8 2
   556.709    6118.8 2
   -1    3    0    0    0    0
   556.357    6100.0 3   556.094    6099.4 2   556.064    6100.0 2
   -1    2    0    0    0    0
   557.354    6118.8 3   557.236    6118.8 2
    1    0    0    0    0    0
   628.029    6646.4 0.2000000   87.0993    6(0.38)                                                                                              
    1    0    0    0    0    0
   634.172    6565.3 0.2000000   87.0993    5(0.4)                                                                                               
   -1    5    0    0    0    0
   616.885    6381.2 3   617.500    6393.6 2   617.822    6400.0 2   640.000    6837.7 2   648.057    7000.0 2
    1    2    0    0    3    0
   715.249    6301.7 3   710.641    6412.5 2
   714.723    6181.7 0.2400000    0.0000    265                                                                                                  
   -1    7    0    0    0    0
   706.562    6233.0 3   706.885    6250.0 2   707.500    6285.7 2   709.521    6400.0 2   712.100    6550.0 2   712.188    6555.3 2   712.275    6559.4 2
    1    0    0    0    0    0
   753.706    6514.1 0.2400000   88.8029    266                                                                                                  
   -1    9    0    0    0    0
   746.875    6312.7 3   747.139    6325.0 2   748.721    6400.0 2   751.029    6510.4 2   754.669    6684.6 3   758.154    6850.0 2   758.916    6887.5 2
   759.062    6895.1 2   759.268    6906.2 2
   -1    2    0    0    0    0
   550.000    6933.8 3   552.256    7000.0 2
    1    2    0    0    3    0
   602.252    5409.8 3   554.325    6802.4 2
   601.210    5289.8 0.2400000    0.0000    268                                                                                                  
   -1    4    0    0    0    0
   550.000    6710.0 3   554.834    6850.0 2   557.500    6927.9 2   559.990    7000.0 2
    1    2    0    0    3    0
   628.388    6357.6 3   567.298    6963.5 2
   629.588    6262.8 0.2400000    0.0000    269                                                                                                  
   -1    8    0    0    0    0
   567.373    7000.0 3   567.344    6998.2 2   566.875    6992.4 2   566.846    6990.6 2   566.787    6981.2 2   565.967    6962.5 2   565.938    6957.2 2
   565.381    6943.8 2
    1    2    0    0    3    0
   632.453    5896.0 3   565.562    6913.6 2
   633.653    5776.3 0.2400000    0.0000    270                                                                                                  
   -1    4    0    0    0    0
   565.000    6932.6 3   565.000    6931.4 2   564.736    6925.0 2   564.531    6918.6 2
    1    2    0    0    3    0
   613.964    5328.8 3   561.998    6606.7 2
   613.383    5208.8 0.2400000    0.0000    271                                                                                                  
   -1    5    0    0    0    0
   561.250    6617.4 3   561.250    6622.1 2   561.250    6618.6 2   561.455    6625.0 2   561.719    6632.6 2
   -1    3    0    0    0    0
   561.924    6643.8 3   562.100    6643.8 2   562.041    6643.8 2
    1    2    0    0    3    0
   587.171    5166.6 3   560.856    6577.8 2
   585.005    5046.6 0.2400000    0.0000    273                                                                                                  
   -1    3    0    0    0    0
   560.811    6606.2 3   560.312    6590.4 2   560.166    6587.5 2
    1    2    0    0    3    0
   633.797    5247.7 3   565.540    6708.1 2
   633.653    5127.7 0.2400000    0.0000    274                                                                                                  
   -1    7    0    0    0    0
   563.594    6697.1 3   563.975    6700.0 2   565.000    6726.4 2   565.264    6737.5 2   565.469    6741.6 2   565.615    6746.9 2   565.469    6754.5 2
    1    2    0    0    3    0
   636.507    6577.3 3   571.569    6898.3 2
   637.707    6506.1 0.2400000    0.0000    275                                                                                                  
   -1    6    0    0    0    0
   568.545    6840.6 3   568.428    6850.0 2   568.750    6862.3 2   571.592    6925.0 2   572.119    6962.5 2   572.295    6971.9 2
   -1    2    0    0    0    0
   573.115    7000.0 3   573.115    7000.4 2
    1    2    0    0    3    0
   691.893    6788.2 3   687.134    6957.3 2
   690.410    6668.2 0.2400000    0.0000    277                                                                                                  
   -1    5    0    0    0    0
   686.406    6967.8 3   686.553    6971.9 2   686.846    6981.2 2   686.875    6981.8 2   687.432    7000.0 2
    1    2    0    0    3    0
   710.790    6726.2 3   714.511    6669.9 2
   702.572    6749.3 0.2400000    0.0000    278                                                                                                  
   -1    7    0    0    0    0
   712.451    6568.8 3   713.096    6587.5 2   713.125    6589.3 2   714.268    6625.0 2   715.000    6647.9 2   716.611    6700.0 2   725.576    7000.0 2
    1    2    0    0    3    0
   767.080    6788.2 3   760.506    6910.7 2
   767.437    6668.2 0.2400000    0.0000    279                                                                                                  
   -1    4    0    0    0    0
   759.531    6916.2 3   759.795    6925.0 2   760.000    6932.6 2   761.846    7000.0 2
    1    2    0    0    3    0
   820.275    6841.6 3   827.766    6911.8 2
   812.006    6749.3 0.2400000    0.0000    280                                                                                                  
   -1    3    0    0    0    0
   828.584    6915.6 3   828.760    6925.0 2   829.932    7000.0 2
    1    2    0    0    3    0
   559.892    1193.6 3   554.711    1280.4 2
   560.655    1073.6 0.2400000    0.0000    281                                                                                                  
   -1    6    0    0    0    0
   550.000    1184.6 3   554.189    1300.0 2   557.500    1392.0 2   558.232    1412.5 2   558.438    1418.9 2   558.584    1421.9 2
    1    0    0    0    0    0
   556.660    2899.5 0.2400000   87.3965    282                                                                                                  
   -1   10    0    0    0    0
   550.000    2824.0 3   554.079    2914.0 2   555.713    2950.0 3   557.500    2989.3 3   560.440    3054.3 3   562.510    3100.0 2   563.125    3113.5 2
   564.209    3137.5 2   564.531    3143.9 2   564.678    3146.9 2
    1    2    0    0    3    0
   555.592    5004.4 3   550.618    5736.5 2
   552.546    4884.4 0.2400000    0.0000    283                                                                                                  
   -1    4    0    0    0    0
   550.000    5740.8 3   550.674    5762.5 2   550.938    5771.3 2   550.967    5771.9 2
    1    2    0    0    3    0
   597.041    5004.4 3   551.183    5912.9 2
   597.141    4884.4 0.2400000    0.0000    284                                                                                                  
   -1    4    0    0    0    0
   550.000    5913.1 3   550.615    5931.2 2   550.938    5940.0 2   550.967    5940.6 2
    1    2    0    0    3    0
   578.902    4923.4 3   553.077    6160.5 2
   576.871    4803.4 0.2400000    0.0000    285                                                                                                  
   -1    5    0    0    0    0
   550.000    6102.9 3   552.549    6175.0 2   553.750    6208.4 2   555.244    6250.0 2   555.537    6259.4 2
   -1    9    0    0    0    0
   550.000    6499.0 3   551.787    6550.0 2   557.002    6700.0 2   557.500    6714.6 2   562.217    6850.0 2   563.125    6876.4 2   563.506    6887.5 2
   564.062    6903.3 2   564.150    6906.2 2
    1    2    0    0    3    0
   640.536    6125.7 3   582.789    6835.2 2
   641.736    6019.6 0.2400000    0.0000    287                                                                                                  
   -1    3    0    0    0    0
   582.021    6850.0 3   581.875    6842.4 2   581.875    6843.6 2
   -1    2    0    0    0    0
   580.000    6780.3 3   580.000    6780.7 2
   -1    2    0    0    0    0
   576.250    6651.4 3   576.514    6653.1 2
    1    2    0    0    3    0
   640.534    6340.0 3   579.567    6715.1 2
   641.734    6262.8 0.2400000    0.0000    290                                                                                                  
   -1    5    0    0    0    0
   578.564    6718.8 3   578.594    6715.8 2   578.623    6718.8 2   578.594    6724.0 2   578.564    6718.8 2
   -1    3    0    0    0    0
   578.125    6714.6 3   578.125    6713.5 2   578.125    6714.6 2
   -1    3    0    0    0    0
   577.744    6700.0 3   577.803    6700.0 2   577.744    6700.0 2
    1    2    0    0    3    0
   721.643    3968.5 3   725.758    3881.4 2
   714.707    3992.5 0.2400000    0.0000    293                                                                                                  
   -1    9    0    0    0    0
   723.818    3803.1 3   723.906    3804.9 2   724.229    3812.5 2   724.375    3816.6 2   725.752    3850.0 2   726.250    3862.3 2   728.916    3925.0 2
   730.000    3951.4 2   730.088    3953.1 2
    1    0    0    0    0    0
   764.574    3120.5 0.2400000   88.9035    294                                                                                                  
   -1    9    0    0    0    0
   759.062    2968.2 3   759.092    2968.8 2   759.443    2987.5 2   760.000    3016.2 2   761.611    3100.0 2   761.903    3115.3 2   765.290    3292.2 3
   765.889    3325.0 2   766.650    3362.5 2
    1    2    0    0    3    0
   816.223    1327.3 3   844.738    1101.2 2
   807.950    1316.9 0.2400000    0.0000    295                                                                                                  
   -1    4    0    0    0    0
   844.697    1112.5 3   846.250    1082.6 2   846.631    1075.0 2   850.000    1015.8 2
    1    2    0    0    3    0
   812.169    1144.0 3   847.429    1310.4 2
   803.896    1073.6 0.2400000    0.0000    296                                                                                                  
   -1    5    0    0    0    0
   847.656    1329.9 3   847.744    1328.1 2   848.125    1320.5 2   849.150    1300.0 2   850.000    1283.0 2
    1    2    0    0    3    0
   804.061    1431.7 3   839.556    1932.9 2
   795.788    1316.9 0.2400000    0.0000    297                                                                                                  
   -1    6    0    0    0    0
   836.875    2023.6 3   837.373    2012.5 2   838.750    1981.4 2   839.014    1975.0 2   842.354    1900.0 2   850.000    1727.1 2
    1    2    0    0    3    0
   800.007    1143.1 3   834.728    1300.3 2
   791.734    1073.6 0.2400000    0.0000    298                                                                                                  
   -1    4    0    0    0    0
   835.967    1300.0 3   835.938    1300.6 2   835.469    1308.8 2   835.439    1309.4 2
    1    2    0    0    3    0
   795.952    1559.9 3   838.870    1122.6 2
   787.680    1560.1 0.2400000    0.0000    299                                                                                                  
   -1    5    0    0    0    0
   835.000    1220.9 3   838.135    1150.0 2   842.500    1052.1 2   842.764    1046.9 2   842.969    1042.8 2
   -1    2    0    0    0    0
   565.000    3154.5 3   565.000    3154.9 2
    1    2    0    0    3    0
   679.248    6626.1 3   676.368    6708.7 2
   676.598    6506.1 0.2400000    0.0000    3101                                                                                                 
   -1    7    0    0    0    0
   670.557    6587.5 3   671.875    6622.1 2   671.963    6625.0 2   673.750    6672.5 2   674.834    6700.0 2   677.500    6769.7 2   680.576    6850.0 2
    1    2    0    0    3    0
   675.953    6892.1 3   682.497    6906.2 2
   664.436    6830.4 0.2400000    0.0000    3102                                                                                                 
   -1    6    0    0    0    0
   680.781    6854.1 3   681.045    6859.4 2   681.250    6863.5 2   684.326    6925.0 2   685.000    6938.5 2   686.201    6962.5 2
    1    2    0    0    3    0
   677.174    5328.8 3   685.586    5500.5 2
   668.490    5208.8 0.2400000    0.0000    3103                                                                                                 
   -1    3    0    0    0    0
   688.018    5350.0 3   686.436    5500.0 2   685.000    5641.2 2
    1    2    0    0    3    0
   747.553    6058.5 3   743.528    6151.3 2
   745.517    5938.5 0.2400000    0.0000    3104                                                                                                 
   -1    8    0    0    0    0
   737.412    5978.1 3   737.500    5981.1 2   740.986    6100.0 2   745.000    6241.2 2   745.205    6250.0 2   746.260    6287.5 2   746.406    6292.8 2
   746.494    6296.9 2
    1    2    0    0    3    0
   629.826    5004.4 3   563.439    6460.9 2
   627.950    4884.4 0.2400000    0.0000    3105                                                                                                 
   -1   10    0    0    0    0
   561.221    6428.1 3   561.250    6426.4 2   561.514    6428.1 2   561.338    6437.5 2   562.744    6475.0 2   565.000    6549.4 2   565.029    6550.0 2
   565.469    6554.1 2   565.674    6550.0 2   565.732    6550.0 2
    1    2    0    0    3    0
   641.783    5004.4 3   566.620    6556.0 2
   640.112    4884.4 0.2400000    0.0000    3106                                                                                                 
   -1    6    0    0    0    0
   565.469    6562.3 3   565.674    6568.8 2   565.938    6570.5 2   565.967    6568.8 2   565.938    6564.6 2   565.732    6559.4 2
    1    2    0    0    3    0
   645.573    5247.7 3   570.308    6692.2 2
   644.166    5127.7 0.2400000    0.0000    3107                                                                                                 
   -1   11    0    0    0    0
   568.896    6681.2 3   568.838    6681.2 2   569.072    6690.6 2   569.219    6692.4 2   569.365    6700.0 2   569.688    6708.8 2   569.775    6709.4 2
   570.127    6718.8 2   570.156    6719.3 2   570.479    6718.8 2   570.156    6718.2 2
   -1    2    0    0    0    0
   570.625    6739.3 3   570.625    6739.7 2
   -1    2    0    0    0    0
   571.768    6775.0 3   571.768    6775.4 2
   -1    2    0    0    0    0
   565.000    6933.8 3   565.029    6934.4 2
    1    2    0    0    3    0
   590.293    4761.2 3   552.534    5956.5 2
   587.409    4641.2 0.2400000    0.0000    3111                                                                                                 
   -1    4    0    0    0    0
   551.260    5950.0 3   551.875    5969.3 2   552.432    5987.5 2   552.725    5996.9 2
    1    2    0    0    3    0
   621.238    4761.2 3   554.961    6029.7 2
   619.842    4641.2 0.2400000    0.0000    3112                                                                                                 
   -1    3    0    0    0    0
   553.750    6029.1 3   554.248    6043.8 2   554.688    6058.4 2
    1    2    0    0    3    0
   571.484    4680.1 3   555.812    6067.1 2
   567.139    4560.1 0.2400000    0.0000    3113                                                                                                 
   -1    5    0    0    0    0
   555.156    6073.6 3   555.420    6081.2 2   555.625    6087.7 2   555.713    6090.6 2   556.006    6100.0 2
    1    2    0    0    3    0
   633.525    4599.0 3   557.368    6106.8 2
   632.004    4479.0 0.2400000    0.0000    3114                                                                                                 
   -1    5    0    0    0    0
   556.299    6109.4 3   556.562    6118.2 2   556.592    6118.8 2   556.885    6128.1 2   557.031    6132.2 2
    1    2    0    0    3    0
   793.521    1348.2 3   838.429    1230.2 2
   782.004    1316.9 0.2400000    0.0000    3115                                                                                                 
   -1    9    0    0    0    0
   843.438    1138.9 3   842.939    1150.0 2   842.500    1160.0 2   839.541    1225.0 2   838.750    1242.0 2   837.842    1262.5 2   837.812    1263.1 2
   837.432    1271.9 2   837.344    1273.6 2
    1    2    0    0    3    0
   565.939    1415.0 3   560.673    1456.5 2
   567.139    1316.9 0.2400000    0.0000    3116                                                                                                 
   -1    5    0    0    0    0
   558.818    1431.2 3   559.346    1450.0 2   559.375    1450.6 2   560.400    1487.5 2   560.635    1496.9 2
    1    2    0    0    3    0
   771.859    1923.4 3   780.112    2043.0 2
   761.733    1803.4 0.2400000    0.0000    3117                                                                                                 
   -1    5    0    0    0    0
   781.357    2040.6 3   781.094    2049.4 2   781.064    2050.0 2   780.625    2064.6 2   780.479    2068.8 2
    1    2    0    0    3    0
   678.020    6382.8 3   671.768    6503.3 2
   676.598    6262.8 0.2400000    0.0000    3118                                                                                                 
   -1    6    0    0    0    0
   671.553    6456.2 3   671.377    6475.0 2   671.084    6512.5 2   670.791    6550.0 2   670.674    6568.8 2   670.557    6578.1 2
    1    2    0    0    3    0
   833.506    6824.6 3   828.621    6845.6 2
   834.706    6749.3 0.2400000    0.0000    3119                                                                                                 
   -1    7    0    0    0    0
   826.943    6803.1 3   827.031    6809.6 2   827.061    6812.5 2   827.500    6841.2 2   827.646    6850.0 2   828.174    6887.5 2   828.291    6896.9 2
    1    2    0    0    3    0
   685.372    4599.0 3   694.838    4787.5 2
   676.598    4479.0 0.2400000    0.0000    3120                                                                                                 
   -1    6    0    0    0    0
   695.869    4750.0 3   695.635    4787.5 2   695.400    4825.0 2   695.312    4835.0 2   695.225    4843.8 2   695.166    4853.1 2
    1    2    0    0    3    0
   743.602    5734.2 3   736.766    5897.2 2
   741.463    5614.2 0.2400000    0.0000    3121                                                                                                 
   -1    6    0    0    0    0
   735.068    5856.2 3   735.420    5875.0 2   735.625    5887.3 2   736.123    5912.5 2   736.826    5950.0 2   737.119    5968.8 2
   -1    7    0    0    0    0
   557.764    6156.2 3   558.350    6175.0 2   560.752    6250.0 2   561.250    6265.8 2   563.096    6325.0 2   563.125    6325.6 2   563.389    6334.4 2
   -1    2    0    0    0    0
   557.500    6320.9 3   557.500    6321.3 2
    1    2    0    0    3    0
   645.813    5490.9 3   573.426    6975.3 2
   644.166    5370.9 0.2400000    0.0000    3124                                                                                                 
   -1    4    0    0    0    0
   572.471    6981.2 3   572.500    6983.0 2   572.764    6990.6 2   572.969    6998.2 2
   -1    2    0    0    0    0
   561.338    6625.0 3   561.338    6625.4 2
   -1    2    0    0    0    0
   562.510    6662.5 3   562.510    6662.9 2
   -1    2    0    0    0    0
   563.125    6681.8 3   563.389    6690.6 2
   -1    2    0    0    0    0
   561.514    6625.0 3   561.514    6625.4 2
   -1    3    0    0    0    0
   565.439    6756.2 3   565.938    6772.1 2   566.025    6775.0 2
    1    2    0    0    3    0
   583.006    4517.9 3   553.421    5983.0 2
   579.301    4397.9 0.2400000    0.0000    3130                                                                                                 
   -1    6    0    0    0    0
   552.783    5996.9 3   552.812    5996.3 2   552.842    5996.9 2   553.252    6006.2 2   553.281    6006.8 2   553.311    6006.2 2
   -1    2    0    0    0    0
   553.721    6025.0 3   553.721    6025.4 2
   -1    6    0    0    0    0
   565.264    6568.8 3   565.850    6587.5 2   566.875    6619.7 2   567.021    6625.0 2   568.750    6679.5 2   568.779    6681.2 2
   -1    2    0    0    0    0
   843.438    1032.2 3   843.174    1037.5 2
   -1    5    0    0    0    0
   558.701    6353.1 3   558.906    6358.4 2   559.170    6362.5 2   559.375    6371.3 2   559.375    6372.5 2
   -1    2    0    0    0    0
   587.354    6962.5 3   587.354    6962.9 2
   -1    2    0    0    0    0
   580.908    6887.5 3   580.908    6887.9 2
   -1    2    0    0    0    0
   581.875    6913.9 3   581.904    6915.6 2
   -1    2    0    0    0    0
   557.998    6137.5 3   557.998    6137.9 2
   -1    2    0    0    0    0
   566.875    6984.2 3   566.875    6984.6 2
   -1    2    0    0    0    0
   566.875    6985.4 3   566.875    6985.8 2
   -1    2    0    0    0    0
   567.197    6812.5 3   567.197    6812.9 2
   -1    7    0    0    0    0
   566.963    6803.1 3   566.875    6801.4 2   566.611    6793.8 2   566.846    6793.8 2   566.875    6793.2 2   567.139    6793.8 2   566.875    6799.0 2
   -1    3    0    0    0    0
   555.625    6261.1 3   555.830    6268.8 2   556.416    6287.5 2
   -1    2    0    0    0    0
   843.818    1131.2 3   843.818    1131.6 2
   -1    2    0    0    0    0
   844.229    1121.9 3   844.375    1118.9 2
    1    2    0    0    3    0
   789.467    1141.1 3   835.685    1282.8 2
   777.950    1073.6 0.2400000    0.0000    3146                                                                                                 
   -1    4    0    0    0    0
   836.406    1291.2 3   836.436    1290.6 2   836.875    1281.8 2   836.963    1281.2 2
   -1    7    0    0    0    0
   566.875    6617.4 3   567.314    6606.2 2   567.812    6605.7 2   567.842    6606.2 2   567.812    6606.8 2   566.875    6618.6 2   566.875    6617.4 2
   -1    2    0    0    0    0
   569.951    6718.8 3   570.156    6724.0 2
   -1    2    0    0    0    0
   570.596    6737.5 3   570.596    6737.9 2
    1    2    0    0    3    0
   614.155    4517.9 3   555.922    6050.1 2
   611.733    4397.9 0.2400000    0.0000    3150                                                                                                 
   -1    3    0    0    0    0
   555.156    6059.6 3   555.186    6062.5 2   555.537    6071.9 2
   -1    2    0    0    0    0
   826.826    6793.8 3   826.826    6794.2 2
   -1    2    0    0    0    0
   616.562    6374.8 3   616.562    6375.2 2
   -1    2    0    0    0    0
   551.260    5781.2 3   551.260    5781.6 2
   -1    2    0    0    0    0
   706.533    6231.2 3   706.533    6231.6 2
   -1    3    0    0    0    0
   557.969    6331.4 3   558.232    6334.4 2   558.408    6343.8 2
   -1    2    0    0    0    0
   558.438    6351.4 3   558.438    6351.8 2
   -1    2    0    0    0    0
   567.812    6474.4 3   567.812    6474.8 2
   -1    2    0    0    0    0
   569.600    6531.2 3   569.600    6531.6 2
   -1    4    0    0    0    0
   569.219    6513.1 3   569.365    6521.9 2   569.688    6530.7 2   569.951    6531.2 2
   -1    2    0    0    0    0
   569.482    6521.9 3   569.482    6522.3 2
   -1    3    0    0    0    0
   579.385    6756.2 3   579.443    6756.2 2   579.385    6756.2 2
    1    2    0    0    3    0
   649.236    5734.2 3   584.054    6867.1 2
   648.220    5614.2 0.2400000    0.0000    3162                                                                                                 
   -1    5    0    0    0    0
   582.812    6876.4 3   583.281    6877.5 2   583.311    6878.1 2   583.281    6883.4 2   582.900    6878.1 2
   -1    2    0    0    0    0
   582.812    6877.5 3   582.812    6877.9 2
   -1    2    0    0    0    0
   568.428    6493.8 3   568.721    6503.1 2
   -1    2    0    0    0    0
   746.729    6306.2 3   746.729    6306.6 2
   -1    2    0    0    0    0
   562.188    6644.3 3   562.188    6644.7 2
   -1    4    0    0    0    0
   565.938    6765.0 3   566.084    6765.6 2   565.938    6767.4 2   565.938    6765.0 2
   -1    2    0    0    0    0
   567.783    6831.2 3   567.783    6831.6 2
   -1    2    0    0    0    0
   567.812    6833.0 3   567.812    6833.4 2
   -1    2    0    0    0    0
   828.438    6905.7 3   828.467    6906.2 2
   -1    2    0    0    0    0
   571.182    6756.2 3   571.182    6756.6 2
   -1    2    0    0    0    0
   571.562    6769.7 3   571.562    6770.1 2
    1    2    0    0    3    0
   563.708    4436.9 3   553.317    5991.2 2
   559.031    4316.9 0.2400000    0.0000    3173                                                                                                 
   -1    3    0    0    0    0
   553.018    6006.2 3   553.281    6013.9 2   553.369    6015.6 2
   -1    3    0    0    0    0
   558.438    6151.0 3   558.438    6155.7 2   558.438    6151.0 2
   -1    3    0    0    0    0
   557.002    6306.2 3   557.031    6306.8 2   557.295    6315.6 2
   -1    4    0    0    0    0
   556.562    6290.4 3   556.826    6296.9 2   557.031    6301.0 2   557.031    6302.1 2
   -1    2    0    0    0    0
   563.096    6681.2 3   563.096    6681.6 2
    1    2    0    0    3    0
   647.020    6584.3 3   582.196    6893.1 2
   648.220    6506.1 0.2400000    0.0000    3178                                                                                                 
   -1    4    0    0    0    0
   580.938    6889.3 3   581.201    6896.9 2   581.406    6904.5 2   581.494    6906.2 2
   -1    2    0    0    0    0
   843.643    1028.1 3   843.643    1028.5 2
   -1    2    0    0    0    0
   560.781    1499.8 3   560.781    1500.2 2
   -1    2    0    0    0    0
   663.643    4684.4 3   663.643    4684.8 2
   -1    2    0    0    0    0
   671.611    6446.9 3   671.611    6447.3 2
   -1    2    0    0    0    0
   688.076    5340.6 3   688.076    5341.0 2
   -1    2    0    0    0    0
   558.906    6364.3 3   558.906    6364.7 2
   -1    2    0    0    0    0
   558.906    6366.6 3   558.906    6367.0 2
   -1    2    0    0    0    0
   560.869    6428.1 3   560.869    6428.5 2
   -1    2    0    0    0    0
   560.781    6425.2 3   560.781    6425.6 2
   -1    2    0    0    0    0
   565.469    6381.8 3   565.469    6382.2 2
   -1    2    0    0    0    0
   569.893    6540.6 3   569.893    6541.0 2
   -1    2    0    0    0    0
   570.156    6548.2 3   570.156    6548.6 2
   -1    2    0    0    0    0
   580.791    6784.4 3   580.791    6784.8 2
   -1    2    0    0    0    0
   580.469    6811.9 3   580.469    6812.3 2
   -1    2    0    0    0    0
   584.717    6953.1 3   584.717    6953.5 2
   -1    2    0    0    0    0
   563.594    6327.9 3   563.594    6328.3 2
   -1    2    0    0    0    0
   567.344    6459.2 3   567.344    6459.6 2
   -1    2    0    0    0    0
   759.502    6915.6 3   759.502    6916.0 2
   -1    2    0    0    0    0
   564.443    6915.6 3   564.443    6916.0 2
   -1    2    0    0    0    0
   561.045    6615.6 3   561.045    6616.0 2
   -1    2    0    0    0    0
   572.031    6965.4 3   572.031    6965.8 2
   -1    2    0    0    0    0
   572.031    6967.8 3   572.031    6968.2 2
   -1    2    0    0    0    0
   572.969    6981.8 3   572.969    6982.2 2
    1    2    0    0    3    0
   646.799    6787.6 3   578.005    6686.1 2
   647.999    6749.3 0.2400000    0.0000    3202                                                                                                 
   -1    5    0    0    0    0
   576.924    6681.2 3   576.689    6681.2 2   577.188    6686.5 2   577.188    6685.4 2   576.924    6681.2 2
   -1    2    0    0    0    0
   569.219    6663.1 3   569.219    6663.5 2
   -1    2    0    0    0    0
   569.658    6690.6 3   569.219    6693.6 2
   -1    2    0    0    0    0
   569.219    6694.7 3   569.219    6695.1 2
   -1    2    0    0    0    0
   570.889    6746.9 3   570.889    6747.3 2
   -1    2    0    0    0    0
   571.094    6752.1 3   571.094    6752.5 2
   -1    2    0    0    0    0
   555.156    6065.4 3   555.127    6071.9 2
   -1    2    0    0    0    0
   557.969    6142.8 3   557.969    6143.2 2
   -1    2    0    0    0    0
   561.865    6634.4 3   561.865    6634.8 2
   -1    3    0    0    0    0
   562.334    6653.1 3   562.656    6657.2 2   562.656    6660.7 2
   -1    2    0    0    0    0
   562.803    6671.9 3   562.803    6672.3 2
   -1    2    0    0    0    0
   562.656    6667.8 3   562.656    6668.2 2
   -1    2    0    0    0    0
   566.377    6784.4 3   566.377    6784.8 2
   -1    2    0    0    0    0
   566.406    6787.3 3   566.406    6787.7 2
   -1    2    0    0    0    0
   553.281    6005.7 3   553.281    6006.1 2
   -1    2    0    0    0    0
   558.906    6353.7 3   558.906    6354.1 2
   -1    2    0    0    0    0
   558.906    6354.9 3   558.906    6355.3 2
   -1    2    0    0    0    0
   567.490    6821.9 3   567.490    6822.3 2
   -1    2    0    0    0    0
   567.344    6816.6 3   567.344    6817.0 2
   -1    2    0    0    0    0
   843.906    1128.3 3   843.906    1128.7 2
   -1    3    0    0    0    0
   570.303    6728.1 3   570.596    6728.1 2   570.303    6728.1 2
   -1    2    0    0    0    0
   569.219    6518.9 3   569.219    6519.3 2
   -1    2    0    0    0    0
   571.533    6765.6 3   571.533    6766.0 2
