 2222222223222222222222222222222222222222222222222222222222222222222222222222
 2332333333322222222222222222222222322222222222222222322222222222222223222222
 2232333333221111110001221111000123221000001111100012321100001111100123211122
 2323333332212000000012332100001232211000012000000123321000000000000123210122
 2333333332123210000123321000112332110001123210000123211000001000001233211232
 2333333322232100001233210000123321000001232100000123210000012000001232111232
 2323333222321001112332100000123210000012332100001232100000123210001232112322
 2333332123210001223321000000123210000012322100011232100001232100012332112322
 2333332232100001233210000000123210000112321100012332100001232100012321012322
 2333322321000012332100000001233210000123321000012321000012321000012321123322
 2333223210000123321100000012332100000123210000123321000012321000012321123222
 2333232100000123210000000012321000001233210001123211000123210000123210123222
 2332332100001232100000000123210000012332110001233210000123210000123210123222
 2323321000012332100000001232100000012321000011232100001232100001233211233222
 2333210000012321000000012332100000123210000012322100001232100001232101232122
 2332100000123210000000012321000011233210000012321100012321000001232101232122
 2321000001233210000000123210000012332100000123221000012321000001232101232122
 2221000001232100000001232100000012321000001233211000123210000012321012321022
 2211000012321000000012332100000012321000001232100001233210000012321012321122
 2200000123321000000012321000000012321100012321000001232100000123321012321122
 2200000123210000000123321000000012322101123210000112332100000123210123321122
 2200001232100000000123210000000012332101233210000122321000000123210123210122
 2200012332100000001232100000000012322112332100000123321000000123210123210122
 2200012321000000012321000000000123211123322100001123210000001232100123211232
 2200123321000000123321000000001232101233211100001232110000001232100123212322
 2200123210000000123210000000012332111232100000001232100000012332101232112322
 2201233210000001233210000000123321122332100000012332100000012321001232112322
 2201232100000001232100000011123210123321000000012321100000012321001232123322
 2212321000000012321000000012233210123321000000012321000000123321012332123222
 2223321000000123321000000012332100122321000000123210000000123210012321123222
 2223210000000123210000000123322100112321000000123210000000123210012321123222
 2233210000001232100000001233211100012321000001233210000001233210012321233222
 2232100000012332100000012332100000012321000001232100000001232100123321232122
 2321000000012321000000123321000000112321000001232100000001232100123211232122
 2321000000123321000001233210000001223221000012332100000012321000123211232122
 2221000000123210000012332100000012332111000012321000000012321000123212321122
 2211000001232100000123321000000123321000000112321000000012321000123212321122
 2200000012332100001233210000001233210000000123321000000123210001232112321232
 2200000012321000012322100000012332100000011123210000000123210001232123321232
 2200000123321000123211000000123321000000012232210000001233210001232123211232
 2200000123210001232100000001233210000000012332110000001232100012332123212322
 2200001232100012321000000012332100000000012232100000001232100012321123212322
 2200012332100123210000000123321000000000011232100000012321000112321233212322
 2200012321001232100000001233210000000000001232100000112321000122321232123322
 2200123321012332100000012332100000000000001232100000123321000123321232123222
 2200123210123220000000123321000000000000000123210000123210000123221232123222
 2211233211232110000001233210000000000000000123210000123210000123212321123222
 2212232112332100000012332100000000000000000123210001232110000123212321232122
 2212321123220000000123321000000000000000000123210011232100001232112321232122
 2223321232110000001233210000000000000000000123321012332100001232112321232122
 2233212321000000012332100000000000000000000012321012321000001232123212332122
 2332123210000000012321000000000000000000000012321012321000012321123212321122
 2321232100000000123210000000000000000000000012321111232100012321123212321232
 2222321000000001232100000000000000000000000012322101232100012321123212321232
 2223210000000012321000000000000000000000000112332101233210123211232123322332
 2232100000000123210000000000000000000000001223222100123211123211232123212322
 2321000000001232100000000000000000000000012332111100123321223211232123212322
 2221000000012332100000000000000000000000123321000000012321232112332123223322
 2211000000123321000000000000000000000001233210000000012332233212321232123222
 2200000001233210000000000000000000000012332100000000011232123222321232123222
 2200000012332100000000000000000000000123221000000000001233212322332232123222
 2200000123321000000000000000000000001232110000000000000123222332233232233222
 2200001233210000000000000000000000012332100000000000000123322233223323233222
 2200001232100000000000000000000000123321000000000000000112233223322322323322
 2200012321000000000000000000000001233210000000000000000011123322332232232222
 2200123210000000000000000000000012332100000000000000000000012332233223233222
 2211232100000000000000000000000123321000000000000000000000001223323323323322
 2222332100000000000000000000001233210000000000000000000000000112332332332332
 2223321000000000000000000000012332100000000000000000000000000001223333233232
 2223210000000000000000000000123321000000000000000000000000000000112333223322
 2232210000000000000000000001233210000000000000000000000000000000001233322332
 2332110000000000000000000012332100000000000000000000000000000000000123333232
 2321000000000000000000011123321000000000000000000000000000000000000012233222
 2221000000000000000000012233210000000000000000000000000000000000000012223332
 2222222222222222222222222332222222222222222222222222222222222222222222333332
 2222222222222222222222222222222222222222222222222222222222222222222222222222
